0.000000	0.000000
0.001000	-0.000001
0.002000	-0.000001
0.003000	-0.000002
0.004000	-0.000004
0.005000	-0.000006
0.006000	-0.000011
0.007000	-0.000019
0.008000	-0.000031
0.009000	-0.000051
0.010000	-0.000084
0.011000	-0.000137
0.012000	-0.000221
0.013000	-0.000354
0.014000	-0.000563
0.015000	-0.000889
0.016000	-0.001396
0.017000	-0.002176
0.018000	-0.003370
0.019000	-0.005181
0.020000	-0.007907
0.021000	-0.011970
0.022000	-0.017965
0.023000	-0.026701
0.024000	-0.039246
0.025000	-0.056937
0.026000	-0.081303
0.027000	-0.113797
0.028000	-0.155130
0.029000	-0.203845
0.030000	-0.253570
0.031000	-0.288242
0.032000	-0.274948
0.033000	-0.156116
0.034000	0.151436
0.035000	0.733230
0.036000	1.608733
0.037000	2.630222
0.038000	3.445970
0.039000	3.657072
0.040000	3.111992
0.041000	2.041153
0.042000	0.867337
0.043000	-0.086677
0.044000	-0.716073
0.045000	-1.069694
0.046000	-1.245063
0.047000	-1.326617
0.048000	-1.368958
0.049000	-1.401467
0.050000	-1.437109
0.051000	-1.478648
0.052000	-1.520648
0.053000	-1.545972
0.054000	-1.516865
0.055000	-1.365751
0.056000	-0.997955
0.057000	-0.326295
0.058000	0.645783
0.059000	1.721631
0.060000	2.506546
0.061000	2.614519
0.062000	1.967967
0.063000	0.869709
0.064000	-0.244125
0.065000	-1.087187
0.066000	-1.596907
0.067000	-1.844217
0.068000	-1.928801
0.069000	-1.927368
0.070000	-1.885062
0.071000	-1.824177
0.072000	-1.755021
0.073000	-1.683892
0.074000	-1.616964
0.075000	-1.559099
0.076000	-1.507950
0.077000	-1.446246
0.078000	-1.335019
0.079000	-1.108583
0.080000	-0.676070
0.081000	0.052978
0.082000	1.095594
0.083000	2.288569
0.084000	3.253471
0.085000	3.569404
0.086000	3.085643
0.087000	2.054960
0.088000	0.924473
0.089000	0.027934
0.090000	-0.531941
0.091000	-0.810604
0.092000	-0.910252
0.093000	-0.917934
0.094000	-0.891635
0.095000	-0.864410
0.096000	-0.848013
0.097000	-0.833362
0.098000	-0.788554
0.099000	-0.653197
0.100000	-0.335117
0.101000	0.269312
0.102000	1.205948
0.103000	2.357616
0.104000	3.406198
0.105000	3.996822
0.106000	4.034258
0.107000	3.773646
0.108000	3.529912
0.109000	3.325028
0.110000	2.898585
0.111000	2.051102
0.112000	0.890617
0.113000	-0.272528
0.114000	-1.183536
0.115000	-1.764154
0.116000	-2.066924
0.117000	-2.188030
0.118000	-2.214805
0.119000	-2.208137
0.120000	-2.201318
0.121000	-2.206549
0.122000	-2.225314
0.123000	-2.256299
0.124000	-2.295354
0.125000	-2.328993
0.126000	-2.326876
0.127000	-2.235193
0.128000	-1.971571
0.129000	-1.433303
0.130000	-0.545651
0.131000	0.634996
0.132000	1.821869
0.133000	2.553421
0.134000	2.478143
0.135000	1.643531
0.136000	0.460792
0.137000	-0.615384
0.138000	-1.342816
0.139000	-1.708469
0.140000	-1.814476
0.141000	-1.776990
0.142000	-1.681689
0.143000	-1.578220
0.144000	-1.488618
0.145000	-1.416041
0.146000	-1.349971
0.147000	-1.266266
0.148000	-1.120604
0.149000	-0.838983
0.150000	-0.319484
0.151000	0.529917
0.152000	1.699027
0.153000	2.964579
0.154000	3.890645
0.155000	4.059133
0.156000	3.394678
0.157000	2.236427
0.158000	1.064874
0.159000	0.193938
0.160000	-0.308741
0.161000	-0.523122
0.162000	-0.561587
0.163000	-0.512935
0.164000	-0.435373
0.165000	-0.364763
0.166000	-0.319335
0.167000	-0.303061
0.168000	-0.313100
0.169000	-0.346236
0.170000	-0.396184
0.171000	-0.442845
0.172000	-0.441765
0.173000	-0.320306
0.174000	0.014055
0.175000	0.640789
0.176000	1.553951
0.177000	2.574438
0.178000	3.357428
0.179000	3.604039
0.180000	3.348082
0.181000	2.978221
0.182000	2.895445
0.183000	3.132843
0.184000	3.309871
0.185000	2.971387
0.186000	1.994865
0.187000	0.665757
0.188000	-0.602975
0.189000	-1.556146
0.190000	-2.152514
0.191000	-2.469432
0.192000	-2.608033
0.193000	-2.650619
0.194000	-2.651460
0.195000	-2.639915
0.196000	-2.630181
0.197000	-2.632913
0.198000	-2.658201
0.199000	-2.707612
0.200000	-2.766862
0.201000	-2.806573
0.202000	-2.784602
0.203000	-2.642333
0.204000	-2.298393
0.205000	-1.657525
0.206000	-0.663083
0.207000	0.597443
0.208000	1.804838
0.209000	2.491156
0.210000	2.338806
0.211000	1.441707
0.212000	0.227389
0.213000	-0.867630
0.214000	-1.621085
0.215000	-2.012274
0.216000	-2.099395
0.217000	-1.922579
0.218000	-1.473144
0.219000	-0.725112
0.220000	0.278854
0.221000	1.333635
0.222000	2.096568
0.223000	2.322267
0.224000	2.142690
0.225000	2.066953
0.226000	2.634823
0.227000	3.993154
0.228000	5.682877
0.229000	6.813705
0.230000	6.626793
0.231000	5.052493
0.232000	2.724726
0.233000	0.461585
0.234000	-1.229054
0.235000	-2.251513
0.236000	-2.751649
0.237000	-2.928420
0.238000	-2.937801
0.239000	-2.874959
0.240000	-2.790381
0.241000	-2.709425
0.242000	-2.643940
0.243000	-2.596332
0.244000	-2.561415
0.245000	-2.530719
0.246000	-2.498477
0.247000	-2.464457
0.248000	-2.430882
0.249000	-2.394049
0.250000	-2.332853
0.251000	-2.198877
0.252000	-1.913717
0.253000	-1.378754
0.254000	-0.511197
0.255000	0.673875
0.256000	1.959403
0.257000	2.921886
0.258000	3.149574
0.259000	2.559268
0.260000	1.471794
0.261000	0.349707
0.262000	-0.502216
0.263000	-1.012129
0.264000	-1.237298
0.265000	-1.242183
0.266000	-1.036479
0.267000	-0.569975
0.268000	0.228548
0.269000	1.363909
0.270000	2.666706
0.271000	3.786358
0.272000	4.398325
0.273000	4.477924
0.274000	4.287263
0.275000	4.031153
0.276000	3.613256
0.277000	2.810224
0.278000	1.613912
0.279000	0.302331
0.280000	-0.784901
0.281000	-1.447920
0.282000	-1.634229
0.283000	-1.349365
0.284000	-0.617896
0.285000	0.450230
0.286000	1.555591
0.287000	2.236559
0.288000	2.126671
0.289000	1.242922
0.290000	-0.026877
0.291000	-1.230393
0.292000	-2.113453
0.293000	-2.645690
0.294000	-2.908676
0.295000	-2.999383
0.296000	-2.995064
0.297000	-2.951294
0.298000	-2.903084
0.299000	-2.864665
0.300000	-2.835359
0.301000	-2.809105
0.302000	-2.776946
0.303000	-2.720601
0.304000	-2.604885
0.305000	-2.373173
0.306000	-1.946447
0.307000	-1.238802
0.308000	-0.218020
0.309000	0.986697
0.310000	2.024652
0.311000	2.465914
0.312000	2.122560
0.313000	1.238634
0.314000	0.327241
0.315000	-0.153093
0.316000	0.012577
0.317000	0.764899
0.318000	1.784135
0.319000	2.570256
0.320000	2.685647
0.321000	2.046060
0.322000	0.963983
0.323000	-0.107335
0.324000	-0.841105
0.325000	-1.099282
0.326000	-0.855506
0.327000	-0.137526
0.328000	0.939914
0.329000	2.103714
0.330000	2.961123
0.331000	3.241884
0.332000	3.053243
0.333000	2.804823
0.334000	2.803607
0.335000	2.939400
0.336000	2.798745
0.337000	2.085709
0.338000	0.902934
0.339000	-0.370051
0.340000	-1.392001
0.341000	-2.033401
0.342000	-2.344729
0.343000	-2.448988
0.344000	-2.457836
0.345000	-2.436143
0.346000	-2.406475
0.347000	-2.370347
0.348000	-2.324603
0.349000	-2.269368
0.350000	-2.212090
0.351000	-2.165514
0.352000	-2.138587
0.353000	-2.129145
0.354000	-2.125828
0.355000	-2.113049
0.356000	-2.066836
0.357000	-1.939529
0.358000	-1.645495
0.359000	-1.069295
0.360000	-0.120407
0.361000	1.164565
0.362000	2.545378
0.363000	3.659141
0.364000	4.257384
0.365000	4.343847
0.366000	4.043230
0.367000	3.447819
0.368000	2.695478
0.369000	2.067501
0.370000	1.818265
0.371000	1.891452
0.372000	1.897422
0.373000	1.442463
0.374000	0.489026
0.375000	-0.620719
0.376000	-1.440467
0.377000	-1.665291
0.378000	-1.197026
0.379000	-0.134973
0.380000	1.228424
0.381000	2.483062
0.382000	3.291227
0.383000	3.515300
0.384000	3.138162
0.385000	2.173118
0.386000	0.752089
0.387000	-0.808375
0.388000	-2.156964
0.389000	-3.103723
0.390000	-3.653304
0.391000	-3.909176
0.392000	-3.979502
0.393000	-3.939976
0.394000	-3.835918
0.395000	-3.693955
0.396000	-3.532279
0.397000	-3.369371
0.398000	-3.226889
0.399000	-3.121245
0.400000	-3.047679
0.401000	-2.968621
0.402000	-2.813903
0.403000	-2.488788
0.404000	-1.887836
0.405000	-0.935494
0.406000	0.322598
0.407000	1.623433
0.408000	2.527105
0.409000	2.673737
0.410000	2.063400
0.411000	1.049976
0.412000	0.059034
0.413000	-0.655773
0.414000	-1.038752
0.415000	-1.130142
0.416000	-0.973519
0.417000	-0.578085
0.418000	0.077886
0.419000	1.009694
0.420000	2.145119
0.421000	3.234636
0.422000	3.882284
0.423000	3.784822
0.424000	3.001456
0.425000	1.952230
0.426000	1.148177
0.427000	0.947820
0.428000	1.493206
0.429000	2.719965
0.430000	4.340834
0.431000	5.869213
0.432000	6.773689
0.433000	6.694139
0.434000	5.589859
0.435000	3.769730
0.436000	1.760263
0.437000	0.039712
0.438000	-1.162100
0.439000	-1.861216
0.440000	-2.197487
0.441000	-2.326635
0.442000	-2.368897
0.443000	-2.396922
0.444000	-2.442425
0.445000	-2.510233
0.446000	-2.592762
0.447000	-2.680193
0.448000	-2.763234
0.449000	-2.830248
0.450000	-2.867703
0.451000	-2.870169
0.452000	-2.849220
0.453000	-2.821916
0.454000	-2.780318
0.455000	-2.668622
0.456000	-2.387237
0.457000	-1.823994
0.458000	-0.917755
0.459000	0.241961
0.460000	1.342965
0.461000	1.945932
0.462000	1.776521
0.463000	0.957748
0.464000	-0.091817
0.465000	-0.978532
0.466000	-1.536545
0.467000	-1.800361
0.468000	-1.877924
0.469000	-1.852625
0.470000	-1.742178
0.471000	-1.494950
0.472000	-1.013920
0.473000	-0.216640
0.474000	0.866151
0.475000	1.999839
0.476000	2.780376
0.477000	2.867617
0.478000	2.255563
0.479000	1.291254
0.480000	0.427410
0.481000	-0.011111
0.482000	0.119401
0.483000	0.813307
0.484000	1.900227
0.485000	3.004515
0.486000	3.635515
0.487000	3.470252
0.488000	2.594647
0.489000	1.418526
0.490000	0.356555
0.491000	-0.388367
0.492000	-0.814367
0.493000	-1.011219
0.494000	-1.079331
0.495000	-1.099441
0.496000	-1.127406
0.497000	-1.192732
0.498000	-1.296820
0.499000	-1.417173
0.500000	-1.515545
0.501000	-1.535975
0.502000	-1.386323
0.503000	-0.918796
0.504000	0.054429
0.505000	1.662824
0.506000	3.781564
0.507000	5.858379
0.508000	7.039995
0.509000	6.710261
0.510000	5.000454
0.511000	2.683981
0.512000	0.572631
0.513000	-0.930614
0.514000	-1.828509
0.515000	-2.303993
0.516000	-2.541758
0.517000	-2.666561
0.518000	-2.748812
0.519000	-2.822508
0.520000	-2.896137
0.521000	-2.961902
0.522000	-3.008245
0.523000	-3.029955
0.524000	-3.026460
0.525000	-2.985594
0.526000	-2.863527
0.527000	-2.578370
0.528000	-2.027415
0.529000	-1.134573
0.530000	0.061907
0.531000	1.313698
0.532000	2.185232
0.533000	2.297082
0.534000	1.625264
0.535000	0.526290
0.536000	-0.545449
0.537000	-1.311644
0.538000	-1.721248
0.539000	-1.851975
0.540000	-1.808726
0.541000	-1.676593
0.542000	-1.511534
0.543000	-1.338850
0.544000	-1.148533
0.545000	-0.890823
0.546000	-0.480347
0.547000	0.172639
0.548000	1.085300
0.549000	2.104663
0.550000	2.893500
0.551000	3.106924
0.552000	2.672781
0.553000	1.893278
0.554000	1.249644
0.555000	1.119502
0.556000	1.614526
0.557000	2.533777
0.558000	3.411576
0.559000	3.735964
0.560000	3.281831
0.561000	2.257367
0.562000	1.097224
0.563000	0.144343
0.564000	-0.480772
0.565000	-0.817229
0.566000	-0.958779
0.567000	-0.991123
0.568000	-0.973920
0.569000	-0.948284
0.570000	-0.946866
0.571000	-0.990062
0.572000	-1.075037
0.573000	-1.175657
0.574000	-1.258016
0.575000	-1.300674
0.576000	-1.304561
0.577000	-1.282966
0.578000	-1.237524
0.579000	-1.139983
0.580000	-0.930716
0.581000	-0.527917
0.582000	0.147140
0.583000	1.101233
0.584000	2.164807
0.585000	2.962938
0.586000	3.096162
0.587000	2.446079
0.588000	1.285136
0.589000	0.056791
0.590000	-0.915088
0.591000	-1.523512
0.592000	-1.806121
0.593000	-1.849274
0.594000	-1.739242
0.595000	-1.553120
0.596000	-1.359318
0.597000	-1.207433
0.598000	-1.112992
0.599000	-1.056991
0.600000	-1.005973
0.601000	-0.935985
0.602000	-0.842549
0.603000	-0.736270
0.604000	-0.633450
0.605000	-0.546933
0.606000	-0.480678
0.607000	-0.430616
0.608000	-0.387549
0.609000	-0.339735
0.610000	-0.279291
0.611000	-0.208312
0.612000	-0.134797
0.613000	-0.062791
0.614000	0.009607
0.615000	0.083498
0.616000	0.154673
0.617000	0.217528
0.618000	0.271074
0.619000	0.315968
0.620000	0.344924
0.621000	0.344025
0.622000	0.310031
0.623000	0.264798
0.624000	0.254073
0.625000	0.343073
0.626000	0.619146
0.627000	1.180599
0.628000	2.076286
0.629000	3.198878
0.630000	4.218640
0.631000	4.694075
0.632000	4.364735
0.633000	3.368114
0.634000	2.129414
0.635000	1.047965
0.636000	0.300606
0.637000	-0.135779
0.638000	-0.368007
0.639000	-0.499575
0.640000	-0.599737
0.641000	-0.704005
0.642000	-0.824374
0.643000	-0.961336
0.644000	-1.111734
0.645000	-1.267316
0.646000	-1.408096
0.647000	-1.501402
0.648000	-1.507403
0.649000	-1.378343
0.650000	-1.050490
0.651000	-0.457098
0.652000	0.405480
0.653000	1.382822
0.654000	2.157937
0.655000	2.448635
0.656000	2.280041
0.657000	1.998938
0.658000	1.934524
0.659000	2.050487
0.660000	1.970876
0.661000	1.358772
0.662000	0.244708
0.663000	-1.016195
0.664000	-2.028381
0.665000	-2.553289
0.666000	-2.520012
0.667000	-1.967511
0.668000	-1.035593
0.669000	-0.011103
0.670000	0.688796
0.671000	0.712808
0.672000	0.032188
0.673000	-1.034533
0.674000	-2.075606
0.675000	-2.839259
0.676000	-3.283430
0.677000	-3.482545
0.678000	-3.527436
0.679000	-3.479927
0.680000	-3.373881
0.681000	-3.230288
0.682000	-3.064515
0.683000	-2.885264
0.684000	-2.693527
0.685000	-2.488025
0.686000	-2.277583
0.687000	-2.086953
0.688000	-1.939458
0.689000	-1.825254
0.690000	-1.685366
0.691000	-1.424366
0.692000	-0.937810
0.693000	-0.145977
0.694000	0.950678
0.695000	2.192975
0.696000	3.238831
0.697000	3.712253
0.698000	3.481993
0.699000	2.798913
0.700000	2.131449
0.701000	1.883815
0.702000	2.226994
0.703000	3.046153
0.704000	3.953424
0.705000	4.439413
0.706000	4.182734
0.707000	3.272902
0.708000	2.099884
0.709000	1.047155
0.710000	0.312014
0.711000	-0.059755
0.712000	-0.063235
0.713000	0.326879
0.714000	1.134580
0.715000	2.296368
0.716000	3.579779
0.717000	4.622853
0.718000	5.112190
0.719000	4.922276
0.720000	4.102044
0.721000	2.843445
0.722000	1.497548
0.723000	0.489698
0.724000	0.105847
0.725000	0.314510
0.726000	0.749412
0.727000	0.897351
0.728000	0.430268
0.729000	-0.579869
0.730000	-1.782962
0.731000	-2.852444
0.732000	-3.646653
0.733000	-4.158812
0.734000	-4.403288
0.735000	-4.354423
0.736000	-3.957639
0.737000	-3.201052
0.738000	-2.218906
0.739000	-1.337905
0.740000	-0.948413
0.741000	-1.234075
0.742000	-2.022099
0.743000	-2.934727
0.744000	-3.665222
0.745000	-4.103245
0.746000	-4.278671
0.747000	-4.262892
0.748000	-4.118210
0.749000	-3.893216
0.750000	-3.631935
0.751000	-3.374643
0.752000	-3.145206
0.753000	-2.933130
0.754000	-2.682232
0.755000	-2.294765
0.756000	-1.660288
0.757000	-0.722024
0.758000	0.424724
0.759000	1.479387
0.760000	2.059820
0.761000	1.990676
0.762000	1.491638
0.763000	1.061261
0.764000	1.197640
0.765000	2.183219
0.766000	3.947007
0.767000	5.974057
0.768000	7.423694
0.769000	7.590691
0.770000	6.408668
0.771000	4.470808
0.772000	2.543217
0.773000	1.096299
0.774000	0.213545
0.775000	-0.237345
0.776000	-0.425391
0.777000	-0.478351
0.778000	-0.478578
0.779000	-0.475444
0.780000	-0.491288
0.781000	-0.524610
0.782000	-0.548679
0.783000	-0.501630
0.784000	-0.280736
0.785000	0.239449
0.786000	1.152573
0.787000	2.427997
0.788000	3.821638
0.789000	4.895867
0.790000	5.209924
0.791000	4.567507
0.792000	3.133343
0.793000	1.342727
0.794000	-0.325722
0.795000	-1.546945
0.796000	-2.187436
0.797000	-2.230799
0.798000	-1.732786
0.799000	-0.868395
0.800000	0.010065
0.801000	0.463075
0.802000	0.241535
0.803000	-0.480597
0.804000	-1.186952
0.805000	-1.348137
0.806000	-0.719636
0.807000	0.537343
0.808000	1.915651
0.809000	2.784181
0.810000	2.687042
0.811000	1.568063
0.812000	-0.209129
0.813000	-2.083167
0.814000	-3.610641
0.815000	-4.629632
0.816000	-5.202713
0.817000	-5.471491
0.818000	-5.550562
0.819000	-5.493990
0.820000	-5.310901
0.821000	-4.992353
0.822000	-4.521781
0.823000	-3.870318
0.824000	-3.008641
0.825000	-1.968571
0.826000	-0.930684
0.827000	-0.220808
0.828000	-0.119692
0.829000	-0.619970
0.830000	-1.400915
0.831000	-2.043525
0.832000	-2.236467
0.833000	-1.823958
0.834000	-0.774721
0.835000	0.810560
0.836000	2.647638
0.837000	4.276563
0.838000	5.209396
0.839000	5.153738
0.840000	4.171810
0.841000	2.664430
0.842000	1.150640
0.843000	-0.009105
0.844000	-0.721667
0.845000	-1.070409
0.846000	-1.176718
0.847000	-1.127676
0.848000	-0.969728
0.849000	-0.722954
0.850000	-0.384415
0.851000	0.078169
0.852000	0.716023
0.853000	1.550138
0.854000	2.492164
0.855000	3.295392
0.856000	3.635345
0.857000	3.329265
0.858000	2.497955
0.859000	1.478050
0.860000	0.588580
0.861000	-0.001243
0.862000	-0.236782
0.863000	-0.080938
0.864000	0.541915
0.865000	1.711414
0.866000	3.377159
0.867000	5.209691
0.868000	6.644636
0.869000	7.221437
0.870000	6.902841
0.871000	5.963029
0.872000	4.624119
0.873000	2.970015
0.874000	1.146607
0.875000	-0.568790
0.876000	-1.924847
0.877000	-2.831087
0.878000	-3.341898
0.879000	-3.567052
0.880000	-3.596190
0.881000	-3.459901
0.882000	-3.132658
0.883000	-2.590932
0.884000	-1.913343
0.885000	-1.340074
0.886000	-1.178065
0.887000	-1.574037
0.888000	-2.381569
0.889000	-3.281289
0.890000	-4.009807
0.891000	-4.467292
0.892000	-4.668392
0.893000	-4.642341
0.894000	-4.370239
0.895000	-3.792499
0.896000	-2.887415
0.897000	-1.783684
0.898000	-0.804001
0.899000	-0.320750
0.900000	-0.475170
0.901000	-1.035189
0.902000	-1.558330
0.903000	-1.680739
0.904000	-1.291742
0.905000	-0.556666
0.906000	0.181688
0.907000	0.629149
0.908000	0.780373
0.909000	0.926430
0.910000	1.362770
0.911000	2.059712
0.912000	2.623178
0.913000	2.617002
0.914000	1.950589
0.915000	0.933443
0.916000	-0.017497
0.917000	-0.656894
0.918000	-0.951382
0.919000	-0.968993
0.920000	-0.767646
0.921000	-0.344034
0.922000	0.342047
0.923000	1.271132
0.924000	2.255280
0.925000	2.945020
0.926000	3.028041
0.927000	2.472963
0.928000	1.555264
0.929000	0.645947
0.930000	0.012469
0.931000	-0.213383
0.932000	0.024150
0.933000	0.736345
0.934000	1.858002
0.935000	3.202785
0.936000	4.491433
0.937000	5.455857
0.938000	5.920077
0.939000	5.819592
0.940000	5.191343
0.941000	4.122047
0.942000	2.705434
0.943000	1.093810
0.944000	-0.462985
0.945000	-1.718097
0.946000	-2.558021
0.947000	-3.012046
0.948000	-3.163364
0.949000	-3.065429
0.950000	-2.719682
0.951000	-2.120244
0.952000	-1.344796
0.953000	-0.623056
0.954000	-0.273206
0.955000	-0.493363
0.956000	-1.200325
0.957000	-2.102341
0.958000	-2.914098
0.959000	-3.490862
0.960000	-3.821509
0.961000	-3.963288
0.962000	-3.985892
0.963000	-3.941290
0.964000	-3.854682
0.965000	-3.723693
0.966000	-3.514811
0.967000	-3.160878
0.968000	-2.575809
0.969000	-1.701681
0.970000	-0.579517
0.971000	0.625034
0.972000	1.733948
0.973000	2.744617
0.974000	3.821129
0.975000	4.973356
0.976000	5.788175
0.977000	5.665163
0.978000	4.395995
0.979000	2.411376
0.980000	0.426966
0.981000	-1.049176
0.982000	-1.887456
0.983000	-2.214795
0.984000	-2.234986
0.985000	-2.117500
0.986000	-1.961939
0.987000	-1.807872
0.988000	-1.661122
0.989000	-1.517486
0.990000	-1.374931
0.991000	-1.233355
0.992000	-1.088611
0.993000	-0.931098
0.994000	-0.752926
0.995000	-0.557817
0.996000	-0.365467
0.997000	-0.206670
0.998000	-0.109050
0.999000	-0.076822
1.000000	-0.076125
1.001000	-0.037476
1.002000	0.129964
1.003000	0.523350
1.004000	1.218350
1.005000	2.208538
1.006000	3.340533
1.007000	4.328428
1.008000	4.888252
1.009000	4.910182
1.010000	4.539496
1.011000	4.090029
1.012000	3.809474
1.013000	3.690596
1.014000	3.572177
1.015000	3.444014
1.016000	3.539977
1.017000	4.035269
1.018000	4.694662
1.019000	4.918615
1.020000	4.199988
1.021000	2.549927
1.022000	0.473131
1.023000	-1.434084
1.024000	-2.830608
1.025000	-3.679203
1.026000	-4.111102
1.027000	-4.293073
1.028000	-4.359820
1.029000	-4.391330
1.030000	-4.412374
1.031000	-4.411571
1.032000	-4.375343
1.033000	-4.312581
1.034000	-4.250721
1.035000	-4.214885
1.036000	-4.212778
1.037000	-4.231976
1.038000	-4.245272
1.039000	-4.218566
1.040000	-4.112749
1.041000	-3.870474
1.042000	-3.387892
1.043000	-2.493984
1.044000	-0.992607
1.045000	1.173778
1.046000	3.679472
1.047000	5.731901
1.048000	6.432161
1.049000	5.433120
1.050000	3.243445
1.051000	0.822083
1.052000	-1.073598
1.053000	-2.180372
1.054000	-2.613213
1.055000	-2.627536
1.056000	-2.449221
1.057000	-2.207466
1.058000	-1.947257
1.059000	-1.677161
1.060000	-1.407032
1.061000	-1.156225
1.062000	-0.940810
1.063000	-0.760358
1.064000	-0.599080
1.065000	-0.437981
1.066000	-0.266836
1.067000	-0.087580
1.068000	0.097203
1.069000	0.303774
1.070000	0.574608
1.071000	0.964284
1.072000	1.506845
1.073000	2.168569
1.074000	2.814267
1.075000	3.254935
1.076000	3.402645
1.077000	3.405369
1.078000	3.580074
1.079000	4.159571
1.080000	5.068228
1.081000	5.911461
1.082000	6.202179
1.083000	5.684692
1.084000	4.532030
1.085000	3.267013
1.086000	2.466768
1.087000	2.463627
1.088000	3.193668
1.089000	4.215500
1.090000	4.894232
1.091000	4.710228
1.092000	3.542211
1.093000	1.720646
1.094000	-0.213438
1.095000	-1.838536
1.096000	-2.999136
1.097000	-3.738470
1.098000	-4.174136
1.099000	-4.420787
1.100000	-4.562404
1.101000	-4.648439
1.102000	-4.698445
1.103000	-4.712772
1.104000	-4.689919
1.105000	-4.641739
1.106000	-4.592090
1.107000	-4.558100
1.108000	-4.534498
1.109000	-4.498683
1.110000	-4.426069
1.111000	-4.293120
1.112000	-4.060310
1.113000	-3.641357
1.114000	-2.883842
1.115000	-1.615760
1.116000	0.203251
1.117000	2.297953
1.118000	4.061407
1.119000	4.843295
1.120000	4.364751
1.121000	2.892870
1.122000	1.039457
1.123000	-0.607535
1.124000	-1.732568
1.125000	-2.309429
1.126000	-2.476445
1.127000	-2.404762
1.128000	-2.222841
1.129000	-1.999287
1.130000	-1.760613
1.131000	-1.512929
1.132000	-1.252961
1.133000	-0.976683
1.134000	-0.689530
1.135000	-0.407073
1.136000	-0.143864
1.137000	0.094131
1.138000	0.304231
1.139000	0.481545
1.140000	0.629220
1.141000	0.778361
1.142000	0.994544
1.143000	1.355338
1.144000	1.901697
1.145000	2.590653
1.146000	3.310210
1.147000	3.985803
1.148000	4.662510
1.149000	5.403829
1.150000	6.091719
1.151000	6.412657
1.152000	6.106353
1.153000	5.220738
1.154000	4.109191
1.155000	3.169648
1.156000	2.555159
1.157000	2.109553
1.158000	1.575760
1.159000	0.853355
1.160000	0.049597
1.161000	-0.669018
1.162000	-1.217523
1.163000	-1.607565
1.164000	-1.887001
1.165000	-2.091489
1.166000	-2.237516
1.167000	-2.336442
1.168000	-2.404401
1.169000	-2.460595
1.170000	-2.518971
1.171000	-2.580647
1.172000	-2.633690
1.173000	-2.663323
1.174000	-2.666640
1.175000	-2.658243
1.176000	-2.657762
1.177000	-2.666814
1.178000	-2.658526
1.179000	-2.596891
1.180000	-2.469686
1.181000	-2.295300
1.182000	-2.087318
1.183000	-1.804446
1.184000	-1.331708
1.185000	-0.527041
1.186000	0.662091
1.187000	2.067376
1.188000	3.293931
1.189000	3.950488
1.190000	3.951016
1.191000	3.524735
1.192000	2.902956
1.193000	2.112131
1.194000	1.122566
1.195000	0.062525
1.196000	-0.822837
1.197000	-1.367096
1.198000	-1.577258
1.199000	-1.578223
1.200000	-1.511415
1.201000	-1.469126
1.202000	-1.480369
1.203000	-1.527733
1.204000	-1.571334
1.205000	-1.571645
1.206000	-1.509541
1.207000	-1.392981
1.208000	-1.241009
1.209000	-1.054047
1.210000	-0.795045
1.211000	-0.404503
1.212000	0.148301
1.213000	0.804925
1.214000	1.400040
1.215000	1.738980
1.216000	1.747862
1.217000	1.555670
1.218000	1.399858
1.219000	1.442357
1.220000	1.675328
1.221000	2.000042
1.222000	2.403174
1.223000	3.022160
1.224000	3.956205
1.225000	4.989008
1.226000	5.580284
1.227000	5.241659
1.228000	3.954099
1.229000	2.183516
1.230000	0.504332
1.231000	-0.751220
1.232000	-1.547068
1.233000	-1.998712
1.234000	-2.234605
1.235000	-2.344317
1.236000	-2.385577
1.237000	-2.402625
1.238000	-2.430434
1.239000	-2.486619
1.240000	-2.566358
1.241000	-2.648321
1.242000	-2.705726
1.243000	-2.715094
1.244000	-2.664356
1.245000	-2.560809
1.246000	-2.429856
1.247000	-2.302287
1.248000	-2.202558
1.249000	-2.142149
1.250000	-2.105823
1.251000	-2.029017
1.252000	-1.789379
1.253000	-1.240591
1.254000	-0.298723
1.255000	0.940881
1.256000	2.137968
1.257000	2.825939
1.258000	2.730458
1.259000	2.022397
1.260000	1.215632
1.261000	0.804569
1.262000	0.972350
1.263000	1.526774
1.264000	2.038193
1.265000	2.116001
1.266000	1.663512
1.267000	0.895630
1.268000	0.122703
1.269000	-0.458911
1.270000	-0.809737
1.271000	-0.976564
1.272000	-1.020055
1.273000	-0.986418
1.274000	-0.910848
1.275000	-0.826638
1.276000	-0.762764
1.277000	-0.730528
1.278000	-0.716774
1.279000	-0.695795
1.280000	-0.648973
1.281000	-0.575279
1.282000	-0.490003
1.283000	-0.416431
1.284000	-0.371901
1.285000	-0.353462
1.286000	-0.333115
1.287000	-0.262614
1.288000	-0.079246
1.289000	0.286804
1.290000	0.888403
1.291000	1.710494
1.292000	2.626312
1.293000	3.438994
1.294000	4.010150
1.295000	4.317085
1.296000	4.343352
1.297000	3.991875
1.298000	3.205782
1.299000	2.125340
1.300000	1.029304
1.301000	0.139920
1.302000	-0.474511
1.303000	-0.856835
1.304000	-1.085928
1.305000	-1.235325
1.306000	-1.357102
1.307000	-1.473365
1.308000	-1.576768
1.309000	-1.643709
1.310000	-1.654928
1.311000	-1.614078
1.312000	-1.553733
1.313000	-1.519855
1.314000	-1.539007
1.315000	-1.592049
1.316000	-1.615795
1.317000	-1.527814
1.318000	-1.260898
1.319000	-0.808981
1.320000	-0.271292
1.321000	0.169321
1.322000	0.380046
1.323000	0.425760
1.324000	0.547420
1.325000	0.950748
1.326000	1.603262
1.327000	2.223650
1.328000	2.460630
1.329000	2.120245
1.330000	1.286470
1.331000	0.250027
1.332000	-0.693962
1.333000	-1.396332
1.334000	-1.850310
1.335000	-2.108644
1.336000	-2.224485
1.337000	-2.235455
1.338000	-2.165458
1.339000	-2.028124
1.340000	-1.831681
1.341000	-1.587868
1.342000	-1.320551
1.343000	-1.066126
1.344000	-0.863335
1.345000	-0.738225
1.346000	-0.693468
1.347000	-0.706885
1.348000	-0.739113
1.349000	-0.750267
1.350000	-0.718959
1.351000	-0.646464
1.352000	-0.538158
1.353000	-0.376871
1.354000	-0.108108
1.355000	0.353138
1.356000	1.088967
1.357000	2.110380
1.358000	3.264426
1.359000	4.197883
1.360000	4.504310
1.361000	4.026163
1.362000	3.028553
1.363000	2.034829
1.364000	1.490724
1.365000	1.543267
1.366000	2.008079
1.367000	2.475929
1.368000	2.540561
1.369000	2.055084
1.370000	1.203397
1.371000	0.316932
1.372000	-0.359697
1.373000	-0.755537
1.374000	-0.925357
1.375000	-0.970470
1.376000	-0.980901
1.377000	-1.006993
1.378000	-1.061415
1.379000	-1.139688
1.380000	-1.236625
1.381000	-1.350290
1.382000	-1.478920
1.383000	-1.613231
1.384000	-1.730871
1.385000	-1.806269
1.386000	-1.829670
1.387000	-1.808643
1.388000	-1.742754
1.389000	-1.597303
1.390000	-1.313492
1.391000	-0.866729
1.392000	-0.328453
1.393000	0.158834
1.394000	0.525851
1.395000	0.903751
1.396000	1.539639
1.397000	2.517095
1.398000	3.543607
1.399000	4.059218
1.400000	3.645563
1.401000	2.374455
1.402000	0.742658
1.403000	-0.707195
1.404000	-1.682407
1.405000	-2.168310
1.406000	-2.302629
1.407000	-2.249373
1.408000	-2.131654
1.409000	-2.016859
1.410000	-1.927122
1.411000	-1.855302
1.412000	-1.781264
1.413000	-1.686994
1.414000	-1.566221
1.415000	-1.426550
1.416000	-1.285590
1.417000	-1.163370
1.418000	-1.074441
1.419000	-1.021691
1.420000	-0.991489
1.421000	-0.954127
1.422000	-0.876624
1.423000	-0.744454
1.424000	-0.575407
1.425000	-0.409958
1.426000	-0.280234
1.427000	-0.183861
1.428000	-0.090287
1.429000	0.029770
1.430000	0.192275
1.431000	0.422455
1.432000	0.776274
1.433000	1.312716
1.434000	2.016288
1.435000	2.729672
1.436000	3.185969
1.437000	3.174470
1.438000	2.712727
1.439000	2.033972
1.440000	1.402690
1.441000	0.961827
1.442000	0.722131
1.443000	0.630659
1.444000	0.627502
1.445000	0.661520
1.446000	0.686041
1.447000	0.664119
1.448000	0.586218
1.449000	0.479681
1.450000	0.393211
1.451000	0.358950
1.452000	0.359664
1.453000	0.338621
1.454000	0.254248
1.455000	0.128842
1.456000	0.044557
1.457000	0.096951
1.458000	0.342934
1.459000	0.757081
1.460000	1.204620
1.461000	1.471955
1.462000	1.385874
1.463000	0.944752
1.464000	0.323568
1.465000	-0.252163
1.466000	-0.623294
1.467000	-0.717306
1.468000	-0.513776
1.469000	-0.033077
1.470000	0.623249
1.471000	1.230484
1.472000	1.498565
1.473000	1.252265
1.474000	0.571480
1.475000	-0.275468
1.476000	-1.027942
1.477000	-1.558781
1.478000	-1.869751
1.479000	-2.026310
1.480000	-2.097297
1.481000	-2.125467
1.482000	-2.129083
1.483000	-2.114736
1.484000	-2.082417
1.485000	-2.026477
1.486000	-1.942854
1.487000	-1.836784
1.488000	-1.721267
1.489000	-1.609927
1.490000	-1.512822
1.491000	-1.434736
1.492000	-1.368343
1.493000	-1.281185
1.494000	-1.110150
1.495000	-0.782044
1.496000	-0.264692
1.497000	0.373173
1.498000	0.945035
1.499000	1.228488
1.500000	1.117933
1.501000	0.704092
1.502000	0.190115
1.503000	-0.251708
1.504000	-0.536880
1.505000	-0.632886
1.506000	-0.509957
1.507000	-0.128438
1.508000	0.526413
1.509000	1.369844
1.510000	2.161581
1.511000	2.579182
1.512000	2.434265
1.513000	1.830745
1.514000	1.077216
1.515000	0.457365
1.516000	0.092001
1.517000	-0.042870
1.518000	-0.030122
1.519000	0.055361
1.520000	0.165897
1.521000	0.271498
1.522000	0.352530
1.523000	0.402773
1.524000	0.430104
1.525000	0.447554
1.526000	0.462614
1.527000	0.473340
1.528000	0.472490
1.529000	0.459926
1.530000	0.459236
1.531000	0.523518
1.532000	0.714780
1.533000	1.053101
1.534000	1.454660
1.535000	1.720862
1.536000	1.644494
1.537000	1.177791
1.538000	0.487938
1.539000	-0.165804
1.540000	-0.592072
1.541000	-0.719310
1.542000	-0.547109
1.543000	-0.094112
1.544000	0.584455
1.545000	1.323848
1.546000	1.832867
1.547000	1.837189
1.548000	1.292331
1.549000	0.425929
1.550000	-0.445078
1.551000	-1.111660
1.552000	-1.520648
1.553000	-1.715277
1.554000	-1.772346
1.555000	-1.771584
1.556000	-1.776486
1.557000	-1.815483
1.558000	-1.878800
1.559000	-1.937570
1.560000	-1.969074
1.561000	-1.969422
1.562000	-1.947141
1.563000	-1.907271
1.564000	-1.845199
1.565000	-1.756548
1.566000	-1.643424
1.567000	-1.496343
1.568000	-1.267696
1.569000	-0.876256
1.570000	-0.259223
1.571000	0.547227
1.572000	1.351325
1.573000	1.856079
1.574000	1.841897
1.575000	1.339301
1.576000	0.606364
1.577000	-0.061878
1.578000	-0.493235
1.579000	-0.661411
1.580000	-0.626281
1.581000	-0.473917
1.582000	-0.281633
1.583000	-0.097580
1.584000	0.065916
1.585000	0.218213
1.586000	0.365927
1.587000	0.499124
1.588000	0.597355
1.589000	0.649544
1.590000	0.668564
1.591000	0.679959
1.592000	0.692213
1.593000	0.685182
1.594000	0.634893
1.595000	0.545052
1.596000	0.447358
1.597000	0.373583
1.598000	0.332657
1.599000	0.313221
1.600000	0.303494
1.601000	0.306974
1.602000	0.341911
1.603000	0.433672
1.604000	0.617654
1.605000	0.944894
1.606000	1.451789
1.607000	2.083749
1.608000	2.643800
1.609000	2.868590
1.610000	2.618865
1.611000	2.000856
1.612000	1.278443
1.613000	0.678982
1.614000	0.283433
1.615000	0.049407
1.616000	-0.107546
1.617000	-0.251435
1.618000	-0.408604
1.619000	-0.577915
1.620000	-0.742334
1.621000	-0.878357
1.622000	-0.969342
1.623000	-1.015677
1.624000	-1.032762
1.625000	-1.040854
1.626000	-1.054769
1.627000	-1.077009
1.628000	-1.096792
1.629000	-1.097741
1.630000	-1.072127
1.631000	-1.031738
1.632000	-1.004481
1.633000	-1.015319
1.634000	-1.064854
1.635000	-1.125267
1.636000	-1.158568
1.637000	-1.141472
1.638000	-1.079489
1.639000	-1.003819
1.640000	-0.952452
1.641000	-0.945554
1.642000	-0.972031
1.643000	-0.993740
1.644000	-0.956568
1.645000	-0.798050
1.646000	-0.455393
1.647000	0.111144
1.648000	0.865593
1.649000	1.637031
1.650000	2.142523
1.651000	2.153475
1.652000	1.680335
1.653000	0.964714
1.654000	0.287574
1.655000	-0.191646
1.656000	-0.448514
1.657000	-0.524576
1.658000	-0.469220
1.659000	-0.325086
1.660000	-0.139867
1.661000	0.030130
1.662000	0.138747
1.663000	0.173610
1.664000	0.162337
1.665000	0.154232
1.666000	0.188029
1.667000	0.268379
1.668000	0.366802
1.669000	0.441306
1.670000	0.458149
1.671000	0.406086
1.672000	0.301237
1.673000	0.180879
1.674000	0.086682
1.675000	0.046799
1.676000	0.070685
1.677000	0.161464
1.678000	0.333383
1.679000	0.614111
1.680000	1.020597
1.681000	1.512412
1.682000	1.955273
1.683000	2.161272
1.684000	2.018989
1.685000	1.588037
1.686000	1.040237
1.687000	0.525449
1.688000	0.111715
1.689000	-0.187621
1.690000	-0.379696
1.691000	-0.485777
1.692000	-0.541088
1.693000	-0.583181
1.694000	-0.638040
1.695000	-0.715454
1.696000	-0.809650
1.697000	-0.901037
1.698000	-0.965421
1.699000	-0.990261
1.700000	-0.982740
1.701000	-0.960231
1.702000	-0.934770
1.703000	-0.908590
1.704000	-0.881397
1.705000	-0.857024
1.706000	-0.838468
1.707000	-0.809883
1.708000	-0.720805
1.709000	-0.493821
1.710000	-0.061199
1.711000	0.576005
1.712000	1.287538
1.713000	1.816305
1.714000	1.908620
1.715000	1.503858
1.716000	0.788716
1.717000	0.048320
1.718000	-0.520461
1.719000	-0.868678
1.720000	-1.037948
1.721000	-1.084233
1.722000	-1.042123
1.723000	-0.929631
1.724000	-0.768746
1.725000	-0.594848
1.726000	-0.444257
1.727000	-0.338409
1.728000	-0.283762
1.729000	-0.277386
1.730000	-0.304065
1.731000	-0.334610
1.732000	-0.337681
1.733000	-0.297356
1.734000	-0.221946
1.735000	-0.140325
1.736000	-0.089457
1.737000	-0.096129
1.738000	-0.159021
1.739000	-0.244111
1.740000	-0.301111
1.741000	-0.290914
1.742000	-0.205419
1.743000	-0.067171
1.744000	0.092929
1.745000	0.265373
1.746000	0.475641
1.747000	0.773374
1.748000	1.201500
1.749000	1.741725
1.750000	2.256202
1.751000	2.510599
1.752000	2.330732
1.753000	1.760176
1.754000	1.030227
1.755000	0.380899
1.756000	-0.066947
1.757000	-0.309915
1.758000	-0.400202
1.759000	-0.394758
1.760000	-0.336742
1.761000	-0.260567
1.762000	-0.199086
1.763000	-0.177081
1.764000	-0.197841
1.765000	-0.243993
1.766000	-0.296370
1.767000	-0.349469
1.768000	-0.408923
1.769000	-0.479481
1.770000	-0.556246
1.771000	-0.622897
1.772000	-0.656438
1.773000	-0.639253
1.774000	-0.575129
1.775000	-0.494446
1.776000	-0.436709
1.777000	-0.423804
1.778000	-0.449655
1.779000	-0.493566
1.780000	-0.541210
1.781000	-0.591645
1.782000	-0.644615
1.783000	-0.685943
1.784000	-0.689924
1.785000	-0.635768
1.786000	-0.523221
1.787000	-0.376045
1.788000	-0.228270
1.789000	-0.102668
1.790000	-0.002713
1.791000	0.076066
1.792000	0.133194
1.793000	0.164033
1.794000	0.169179
1.795000	0.157155
1.796000	0.135606
1.797000	0.105798
1.798000	0.071808
1.799000	0.048057
1.800000	0.046180
1.801000	0.057272
1.802000	0.060310
1.803000	0.050354
1.804000	0.047917
1.805000	0.078773
1.806000	0.153845
1.807000	0.266681
1.808000	0.398192
1.809000	0.522866
1.810000	0.619553
1.811000	0.680578
1.812000	0.709722
1.813000	0.713288
1.814000	0.696553
1.815000	0.667759
1.816000	0.640296
1.817000	0.625428
1.818000	0.620161
1.819000	0.605223
1.820000	0.561379
1.821000	0.489542
1.822000	0.409500
1.823000	0.335632
1.824000	0.260694
1.825000	0.170522
1.826000	0.070710
1.827000	-0.007240
1.828000	-0.026591
1.829000	0.025823
1.830000	0.126286
1.831000	0.226375
1.832000	0.279426
1.833000	0.263673
1.834000	0.190027
1.835000	0.087282
1.836000	-0.024675
1.837000	-0.143538
1.838000	-0.266139
1.839000	-0.374405
1.840000	-0.448947
1.841000	-0.489219
1.842000	-0.510622
1.843000	-0.522351
1.844000	-0.512399
1.845000	-0.456825
1.846000	-0.347198
1.847000	-0.210983
1.848000	-0.101023
1.849000	-0.059903
1.850000	-0.093523
1.851000	-0.177561
1.852000	-0.283423
1.853000	-0.393449
1.854000	-0.496403
1.855000	-0.579416
1.856000	-0.628354
1.857000	-0.632306
1.858000	-0.586566
1.859000	-0.495865
1.860000	-0.378072
1.861000	-0.260819
1.862000	-0.169237
1.863000	-0.116207
1.864000	-0.101195
1.865000	-0.111539
1.866000	-0.127481
1.867000	-0.137256
1.868000	-0.149579
1.869000	-0.183586
1.870000	-0.242183
1.871000	-0.297073
1.872000	-0.303660
1.873000	-0.234316
1.874000	-0.098336
1.875000	0.070213
1.876000	0.239222
1.877000	0.389509
1.878000	0.507649
1.879000	0.580549
1.880000	0.600021
1.881000	0.569966
1.882000	0.508139
1.883000	0.438348
1.884000	0.376413
1.885000	0.322849
1.886000	0.272427
1.887000	0.232732
1.888000	0.230015
1.889000	0.290180
1.890000	0.410149
1.891000	0.550810
1.892000	0.661115
1.893000	0.707235
1.894000	0.681551
1.895000	0.596708
1.896000	0.478548
1.897000	0.355355
1.898000	0.241030
1.899000	0.128654
1.900000	0.007239
1.901000	-0.114730
1.902000	-0.207487
1.903000	-0.243998
1.904000	-0.222579
1.905000	-0.163729
1.906000	-0.091603
1.907000	-0.026494
1.908000	0.010747
1.909000	0.000327
1.910000	-0.067580
1.911000	-0.188341
1.912000	-0.343520
1.913000	-0.501696
1.914000	-0.623364
1.915000	-0.673961
1.916000	-0.638278
1.917000	-0.526201
1.918000	-0.366625
1.919000	-0.194400
1.920000	-0.037980
1.921000	0.088157
1.922000	0.186087
1.923000	0.269963
1.924000	0.351692
1.925000	0.424354
1.926000	0.461106
1.927000	0.434407
1.928000	0.334976
1.929000	0.173314
1.930000	-0.026178
1.931000	-0.227440
1.932000	-0.391184
1.933000	-0.493231
1.934000	-0.534190
1.935000	-0.530186
1.936000	-0.499517
1.937000	-0.457394
1.938000	-0.411065
1.939000	-0.352722
1.940000	-0.263904
1.941000	-0.134941
1.942000	0.016333
1.943000	0.143897
1.944000	0.197555
1.945000	0.159581
1.946000	0.063341
1.947000	-0.027732
1.948000	-0.065671
1.949000	-0.049443
1.950000	-0.018117
1.951000	-0.016068
1.952000	-0.061932
1.953000	-0.141430
1.954000	-0.219408
1.955000	-0.258863
1.956000	-0.239273
1.957000	-0.167676
1.958000	-0.076515
1.959000	-0.006795
1.960000	0.016682
1.961000	0.001717
1.962000	-0.018212
1.963000	-0.010328
1.964000	0.035503
1.965000	0.107695
1.966000	0.186680
1.967000	0.251173
1.968000	0.280004
1.969000	0.264261
1.970000	0.221507
1.971000	0.188100
1.972000	0.187972
1.973000	0.209112
1.974000	0.215522
1.975000	0.181826
1.976000	0.114537
1.977000	0.047301
1.978000	0.023285
1.979000	0.074233
1.980000	0.200632
1.981000	0.365819
1.982000	0.514652
1.983000	0.605159
1.984000	0.624983
1.985000	0.582057
1.986000	0.490687
1.987000	0.371306
1.988000	0.252674
1.989000	0.160458
1.990000	0.098597
1.991000	0.043164
1.992000	-0.040456
1.993000	-0.167479
1.994000	-0.316575
1.995000	-0.442679
1.996000	-0.508905
1.997000	-0.509306
1.998000	-0.465705
1.999000	-0.405970
2.000000	-0.344412
2.001000	-0.279691
2.002000	-0.205938
2.003000	-0.120975
2.004000	-0.028729
2.005000	0.057232
2.006000	0.115974
2.007000	0.133685
2.008000	0.113416
2.009000	0.067629
2.010000	0.008219
2.011000	-0.054045
2.012000	-0.109514
2.013000	-0.155031
2.014000	-0.196093
2.015000	-0.241234
2.016000	-0.295931
2.017000	-0.360515
2.018000	-0.428525
2.019000	-0.483746
2.020000	-0.500443
2.021000	-0.452338
2.022000	-0.328194
2.023000	-0.143613
2.024000	0.059415
2.025000	0.226169
2.026000	0.312215
2.027000	0.305545
2.028000	0.231488
2.029000	0.134941
2.030000	0.054313
2.031000	0.004833
2.032000	-0.020719
2.033000	-0.037033
2.034000	-0.050072
2.035000	-0.052031
2.036000	-0.027529
2.037000	0.037105
2.038000	0.145893
2.039000	0.288266
2.040000	0.440212
2.041000	0.571207
2.042000	0.653346
2.043000	0.670816
2.044000	0.625642
2.045000	0.533718
2.046000	0.416073
2.047000	0.297650
2.048000	0.209016
2.049000	0.172848
2.050000	0.178848
2.051000	0.177986
2.052000	0.114349
2.053000	-0.029144
2.054000	-0.213967
2.055000	-0.373230
2.056000	-0.456916
2.057000	-0.458624
2.058000	-0.408872
2.059000	-0.346510
2.060000	-0.294006
2.061000	-0.255456
2.062000	-0.228773
2.063000	-0.209226
2.064000	-0.184396
2.065000	-0.139903
2.066000	-0.075374
2.067000	-0.009886
2.068000	0.030554
2.069000	0.030145
2.070000	-0.008900
2.071000	-0.068953
2.072000	-0.125160
2.073000	-0.158321
2.074000	-0.168006
2.075000	-0.171690
2.076000	-0.184888
2.077000	-0.202730
2.078000	-0.205036
2.079000	-0.177655
2.080000	-0.124918
2.081000	-0.063199
2.082000	-0.008802
2.083000	0.025266
2.084000	0.028271
2.085000	-0.001001
2.086000	-0.045420
2.087000	-0.077842
2.088000	-0.082683
2.089000	-0.065056
2.090000	-0.038872
2.091000	-0.013431
2.092000	0.006395
2.093000	0.015658
2.094000	0.012699
2.095000	0.004631
2.096000	0.003840
2.097000	0.017768
2.098000	0.042375
2.099000	0.063846
2.100000	0.067110
2.101000	0.048080
2.102000	0.020149
2.103000	0.003636
2.104000	0.006645
2.105000	0.021851
2.106000	0.044137
2.107000	0.085585
2.108000	0.167143
2.109000	0.294556
2.110000	0.443595
2.111000	0.567956
2.112000	0.623319
2.113000	0.592558
2.114000	0.494119
2.115000	0.364897
2.116000	0.235518
2.117000	0.123066
2.118000	0.038682
2.119000	-0.009924
2.120000	-0.023530
2.121000	-0.009750
2.122000	0.002884
