0.000000	0.000000
0.001000	-0.000001
0.002000	-0.000001
0.003000	-0.000002
0.004000	-0.000004
0.005000	-0.000008
0.006000	-0.000013
0.007000	-0.000022
0.008000	-0.000037
0.009000	-0.000061
0.010000	-0.000099
0.011000	-0.000162
0.012000	-0.000261
0.013000	-0.000418
0.014000	-0.000665
0.015000	-0.001051
0.016000	-0.001649
0.017000	-0.002572
0.018000	-0.003982
0.019000	-0.006123
0.020000	-0.009344
0.021000	-0.014147
0.022000	-0.021231
0.023000	-0.031555
0.024000	-0.046381
0.025000	-0.067288
0.026000	-0.096084
0.027000	-0.134486
0.028000	-0.183332
0.029000	-0.240900
0.030000	-0.299662
0.031000	-0.340630
0.032000	-0.324905
0.033000	-0.184445
0.034000	0.179059
0.035000	0.866689
0.036000	1.901461
0.037000	3.108807
0.038000	4.073071
0.039000	4.322853
0.040000	3.679111
0.041000	2.414230
0.042000	1.027957
0.043000	-0.098108
0.044000	-0.839918
0.045000	-1.254981
0.046000	-1.458299
0.047000	-1.549419
0.048000	-1.592741
0.049000	-1.623204
0.050000	-1.657144
0.051000	-1.700501
0.052000	-1.752627
0.053000	-1.804262
0.054000	-1.829087
0.055000	-1.772158
0.056000	-1.542740
0.057000	-1.025573
0.058000	-0.133434
0.059000	1.085036
0.060000	2.335895
0.061000	3.124107
0.062000	3.047953
0.063000	2.124853
0.064000	0.781535
0.065000	-0.484009
0.066000	-1.393284
0.067000	-1.916740
0.068000	-2.151035
0.069000	-2.208338
0.070000	-2.170744
0.071000	-2.088146
0.072000	-1.988783
0.073000	-1.887461
0.074000	-1.790658
0.075000	-1.701562
0.076000	-1.624281
0.077000	-1.563698
0.078000	-1.519944
0.079000	-1.480237
0.080000	-1.410628
0.081000	-1.247819
0.082000	-0.894014
0.083000	-0.229739
0.084000	0.828159
0.085000	2.211079
0.086000	3.591412
0.087000	4.447671
0.088000	4.382552
0.089000	3.444577
0.090000	2.089087
0.091000	0.823240
0.092000	-0.076869
0.093000	-0.585734
0.094000	-0.806992
0.095000	-0.865690
0.096000	-0.858151
0.097000	-0.842037
0.098000	-0.844884
0.099000	-0.876450
0.100000	-0.935102
0.101000	-1.003744
0.102000	-1.036791
0.103000	-0.943930
0.104000	-0.578710
0.105000	0.250851
0.106000	1.712306
0.107000	3.787425
0.108000	6.084039
0.109000	7.835957
0.110000	8.264718
0.111000	7.106143
0.112000	4.814254
0.113000	2.230998
0.114000	0.056113
0.115000	-1.428200
0.116000	-2.284185
0.117000	-2.710648
0.118000	-2.895924
0.119000	-2.971713
0.120000	-3.018134
0.121000	-3.071689
0.122000	-3.124148
0.123000	-3.121948
0.124000	-2.971783
0.125000	-2.553198
0.126000	-1.753923
0.127000	-0.558272
0.128000	0.824728
0.129000	1.924121
0.130000	2.226969
0.131000	1.563202
0.132000	0.257325
0.133000	-1.140953
0.134000	-2.231429
0.135000	-2.894527
0.136000	-3.196108
0.137000	-3.256369
0.138000	-3.179103
0.139000	-3.033848
0.140000	-2.861323
0.141000	-2.683086
0.142000	-2.507817
0.143000	-2.336155
0.144000	-2.166741
0.145000	-2.000465
0.146000	-1.839647
0.147000	-1.684299
0.148000	-1.530425
0.149000	-1.371878
0.150000	-1.201630
0.151000	-1.007939
0.152000	-0.764116
0.153000	-0.413262
0.154000	0.142677
0.155000	1.024655
0.156000	2.297925
0.157000	3.837442
0.158000	5.239172
0.159000	5.954416
0.160000	5.661166
0.161000	4.537458
0.162000	3.115930
0.163000	1.890465
0.164000	1.080038
0.165000	0.659663
0.166000	0.496022
0.167000	0.450769
0.168000	0.426923
0.169000	0.378343
0.170000	0.300490
0.171000	0.216060
0.172000	0.167084
0.173000	0.217958
0.174000	0.461317
0.175000	1.003753
0.176000	1.900621
0.177000	3.039944
0.178000	4.071987
0.179000	4.552346
0.180000	4.296424
0.181000	3.607294
0.182000	3.067146
0.183000	3.056762
0.184000	3.436283
0.185000	3.642913
0.186000	3.142938
0.187000	1.863969
0.188000	0.200726
0.189000	-1.352782
0.190000	-2.517201
0.191000	-3.263410
0.192000	-3.691252
0.193000	-3.920550
0.194000	-4.044480
0.195000	-4.122675
0.196000	-4.185591
0.197000	-4.236472
0.198000	-4.248888
0.199000	-4.162556
0.200000	-3.881400
0.201000	-3.284555
0.202000	-2.277279
0.203000	-0.905294
0.204000	0.520622
0.205000	1.461597
0.206000	1.465438
0.207000	0.532956
0.208000	-0.873155
0.209000	-2.193949
0.210000	-3.108223
0.211000	-3.580886
0.212000	-3.731224
0.213000	-3.702608
0.214000	-3.599907
0.215000	-3.478170
0.216000	-3.351071
0.217000	-3.198491
0.218000	-2.966418
0.219000	-2.561829
0.220000	-1.854456
0.221000	-0.710619
0.222000	0.922778
0.223000	2.932808
0.224000	5.073758
0.225000	7.125526
0.226000	8.924710
0.227000	10.135375
0.228000	10.175976
0.229000	8.678487
0.230000	5.989933
0.231000	3.005087
0.232000	0.527622
0.233000	-1.119897
0.234000	-2.019160
0.235000	-2.405330
0.236000	-2.496743
0.237000	-2.440961
0.238000	-2.322453
0.239000	-2.187427
0.240000	-2.064677
0.241000	-1.974818
0.242000	-1.928970
0.243000	-1.925131
0.244000	-1.950836
0.245000	-1.990260
0.246000	-2.026705
0.247000	-2.038078
0.248000	-1.991421
0.249000	-1.839742
0.250000	-1.516051
0.251000	-0.927448
0.252000	0.018768
0.253000	1.317835
0.254000	2.731120
0.255000	3.768048
0.256000	3.939707
0.257000	3.140254
0.258000	1.748352
0.259000	0.320453
0.260000	-0.771171
0.261000	-1.434807
0.262000	-1.739365
0.263000	-1.773096
0.264000	-1.573406
0.265000	-1.118369
0.266000	-0.359145
0.267000	0.701642
0.268000	1.895370
0.269000	2.836352
0.270000	3.084734
0.271000	2.479806
0.272000	1.314909
0.273000	0.148295
0.274000	-0.527057
0.275000	-0.460338
0.276000	0.329535
0.277000	1.545831
0.278000	2.665979
0.279000	3.202799
0.280000	3.076430
0.281000	2.689918
0.282000	2.528872
0.283000	2.668250
0.284000	2.694845
0.285000	2.122853
0.286000	0.870336
0.287000	-0.692830
0.288000	-2.097538
0.289000	-3.088345
0.290000	-3.656236
0.291000	-3.911810
0.292000	-3.976850
0.293000	-3.944448
0.294000	-3.875528
0.295000	-3.802922
0.296000	-3.738642
0.297000	-3.682959
0.298000	-3.630013
0.299000	-3.570485
0.300000	-3.495499
0.301000	-3.400358
0.302000	-3.281456
0.303000	-3.123755
0.304000	-2.884723
0.305000	-2.483515
0.306000	-1.805863
0.307000	-0.745763
0.308000	0.693056
0.309000	2.268446
0.310000	3.488431
0.311000	3.861236
0.312000	3.268227
0.313000	2.066398
0.314000	0.797856
0.315000	-0.153132
0.316000	-0.650578
0.317000	-0.695288
0.318000	-0.302397
0.319000	0.525860
0.320000	1.722600
0.321000	3.039762
0.322000	4.045661
0.323000	4.364644
0.324000	4.009808
0.325000	3.433885
0.326000	3.184191
0.327000	3.474429
0.328000	4.016945
0.329000	4.232136
0.330000	3.710284
0.331000	2.550368
0.332000	1.263807
0.333000	0.399362
0.334000	0.266432
0.335000	0.856346
0.336000	1.841206
0.337000	2.650045
0.338000	2.737011
0.339000	1.939665
0.340000	0.571853
0.341000	-0.865471
0.342000	-2.027156
0.343000	-2.820123
0.344000	-3.301596
0.345000	-3.563802
0.346000	-3.685564
0.347000	-3.727585
0.348000	-3.734387
0.349000	-3.733429
0.350000	-3.736739
0.351000	-3.745470
0.352000	-3.751189
0.353000	-3.729450
0.354000	-3.627965
0.355000	-3.356376
0.356000	-2.788715
0.357000	-1.802139
0.358000	-0.375519
0.359000	1.294122
0.360000	2.804307
0.361000	3.781394
0.362000	4.124156
0.363000	3.934847
0.364000	3.260866
0.365000	2.084261
0.366000	0.556144
0.367000	-0.945951
0.368000	-2.038668
0.369000	-2.526175
0.370000	-2.390946
0.371000	-1.700314
0.372000	-0.592731
0.373000	0.640433
0.374000	1.533759
0.375000	1.656711
0.376000	0.946223
0.377000	-0.198460
0.378000	-1.181730
0.379000	-1.538431
0.380000	-1.062425
0.381000	0.195668
0.382000	1.930001
0.383000	3.637549
0.384000	4.824303
0.385000	5.210694
0.386000	4.734328
0.387000	3.478498
0.388000	1.710521
0.389000	-0.132206
0.390000	-1.644895
0.391000	-2.643840
0.392000	-3.161361
0.393000	-3.326947
0.394000	-3.273711
0.395000	-3.107362
0.396000	-2.907742
0.397000	-2.733739
0.398000	-2.620508
0.399000	-2.572224
0.400000	-2.562950
0.401000	-2.551264
0.402000	-2.497499
0.403000	-2.368430
0.404000	-2.126224
0.405000	-1.710028
0.406000	-1.028044
0.407000	0.002133
0.408000	1.334260
0.409000	2.664994
0.410000	3.487247
0.411000	3.413191
0.412000	2.499286
0.413000	1.202479
0.414000	0.023141
0.415000	-0.772112
0.416000	-1.156852
0.417000	-1.203202
0.418000	-0.958181
0.419000	-0.403255
0.420000	0.500958
0.421000	1.702839
0.422000	2.948866
0.423000	3.822694
0.424000	4.023370
0.425000	3.669347
0.426000	3.254621
0.427000	3.236601
0.428000	3.659674
0.429000	4.170032
0.430000	4.397075
0.431000	4.304287
0.432000	4.106059
0.433000	3.871402
0.434000	3.362768
0.435000	2.332067
0.436000	0.861444
0.437000	-0.684355
0.438000	-1.966547
0.439000	-2.857820
0.440000	-3.403017
0.441000	-3.705067
0.442000	-3.855142
0.443000	-3.917359
0.444000	-3.935307
0.445000	-3.936138
0.446000	-3.928404
0.447000	-3.903409
0.448000	-3.847213
0.449000	-3.755521
0.450000	-3.638509
0.451000	-3.513797
0.452000	-3.394951
0.453000	-3.281834
0.454000	-3.154899
0.455000	-2.972330
0.456000	-2.668096
0.457000	-2.152181
0.458000	-1.326585
0.459000	-0.146799
0.460000	1.262312
0.461000	2.524998
0.462000	3.140558
0.463000	2.830978
0.464000	1.787087
0.465000	0.516839
0.466000	-0.526082
0.467000	-1.145675
0.468000	-1.345437
0.469000	-1.179335
0.470000	-0.659920
0.471000	0.235205
0.472000	1.466795
0.473000	2.802473
0.474000	3.795592
0.475000	4.008303
0.476000	3.345717
0.477000	2.144978
0.478000	0.920316
0.479000	0.068708
0.480000	-0.212497
0.481000	0.140275
0.482000	1.099488
0.483000	2.491977
0.484000	3.913065
0.485000	4.790492
0.486000	4.700326
0.487000	3.693157
0.488000	2.251656
0.489000	0.912625
0.490000	-0.043899
0.491000	-0.619875
0.492000	-0.952658
0.493000	-1.175765
0.494000	-1.362757
0.495000	-1.537537
0.496000	-1.700992
0.497000	-1.839767
0.498000	-1.915339
0.499000	-1.848919
0.500000	-1.522748
0.501000	-0.823127
0.502000	0.261990
0.503000	1.535116
0.504000	2.602552
0.505000	3.118442
0.506000	3.096896
0.507000	2.907444
0.508000	2.870904
0.509000	2.889085
0.510000	2.542579
0.511000	1.552133
0.512000	0.075035
0.513000	-1.455338
0.514000	-2.676558
0.515000	-3.462207
0.516000	-3.869015
0.517000	-4.020491
0.518000	-4.027229
0.519000	-3.959982
0.520000	-3.856721
0.521000	-3.737915
0.522000	-3.615460
0.523000	-3.496784
0.524000	-3.386651
0.525000	-3.284225
0.526000	-3.176107
0.527000	-3.025126
0.528000	-2.753809
0.529000	-2.237759
0.530000	-1.338198
0.531000	0.006778
0.532000	1.649361
0.533000	3.156163
0.534000	3.954790
0.535000	3.712050
0.536000	2.610918
0.537000	1.202755
0.538000	0.000156
0.539000	-0.773716
0.540000	-1.149388
0.541000	-1.256241
0.542000	-1.212428
0.543000	-1.091787
0.544000	-0.926613
0.545000	-0.711592
0.546000	-0.403826
0.547000	0.073295
0.548000	0.808340
0.549000	1.837978
0.550000	3.040667
0.551000	4.073571
0.552000	4.496215
0.553000	4.077864
0.554000	3.009427
0.555000	1.776773
0.556000	0.849915
0.557000	0.504288
0.558000	0.830601
0.559000	1.769298
0.560000	3.064953
0.561000	4.226309
0.562000	4.681971
0.563000	4.140645
0.564000	2.821626
0.565000	1.271989
0.566000	-0.028197
0.567000	-0.884080
0.568000	-1.342258
0.569000	-1.549246
0.570000	-1.646222
0.571000	-1.725708
0.572000	-1.826915
0.573000	-1.947300
0.574000	-2.061059
0.575000	-2.141085
0.576000	-2.177156
0.577000	-2.181314
0.578000	-2.179664
0.579000	-2.195782
0.580000	-2.227819
0.581000	-2.224066
0.582000	-2.072560
0.583000	-1.623346
0.584000	-0.755248
0.585000	0.513958
0.586000	1.917266
0.587000	2.952557
0.588000	3.138364
0.589000	2.372569
0.590000	1.021914
0.591000	-0.372005
0.592000	-1.439604
0.593000	-2.082281
0.594000	-2.369914
0.595000	-2.419424
0.596000	-2.335570
0.597000	-2.195132
0.598000	-2.042385
0.599000	-1.890066
0.600000	-1.732804
0.601000	-1.566460
0.602000	-1.394265
0.603000	-1.216504
0.604000	-1.023388
0.605000	-0.804977
0.606000	-0.569339
0.607000	-0.348895
0.608000	-0.182943
0.609000	-0.088497
0.610000	-0.047664
0.611000	-0.022852
0.612000	0.016945
0.613000	0.080062
0.614000	0.153939
0.615000	0.220192
0.616000	0.270775
0.617000	0.314300
0.618000	0.373927
0.619000	0.486181
0.620000	0.706098
0.621000	1.116189
0.622000	1.818533
0.623000	2.869612
0.624000	4.150884
0.625000	5.281899
0.626000	5.756137
0.627000	5.296279
0.628000	4.094730
0.629000	2.658038
0.630000	1.441390
0.631000	0.641514
0.632000	0.229982
0.633000	0.076871
0.634000	0.045684
0.635000	0.035098
0.636000	-0.013517
0.637000	-0.118139
0.638000	-0.259999
0.639000	-0.399022
0.640000	-0.501147
0.641000	-0.557691
0.642000	-0.583039
0.643000	-0.601413
0.644000	-0.639909
0.645000	-0.728974
0.646000	-0.897925
0.647000	-1.158877
0.648000	-1.489271
0.649000	-1.828962
0.650000	-2.092769
0.651000	-2.179476
0.652000	-1.960620
0.653000	-1.265042
0.654000	0.085903
0.655000	2.138481
0.656000	4.589520
0.657000	6.681803
0.658000	7.483363
0.659000	6.511269
0.660000	4.135942
0.661000	1.302152
0.662000	-1.122082
0.663000	-2.723355
0.664000	-3.474796
0.665000	-3.500857
0.666000	-2.930038
0.667000	-1.898037
0.668000	-0.651927
0.669000	0.381995
0.670000	0.741119
0.671000	0.243460
0.672000	-0.857355
0.673000	-2.083208
0.674000	-3.066423
0.675000	-3.686496
0.676000	-3.991904
0.677000	-4.075448
0.678000	-4.012102
0.679000	-3.856003
0.680000	-3.651370
0.681000	-3.434971
0.682000	-3.234656
0.683000	-3.068265
0.684000	-2.939188
0.685000	-2.831690
0.686000	-2.719053
0.687000	-2.585812
0.688000	-2.442457
0.689000	-2.313473
0.690000	-2.209442
0.691000	-2.109980
0.692000	-1.964143
0.693000	-1.690082
0.694000	-1.162733
0.695000	-0.207907
0.696000	1.355035
0.697000	3.580298
0.698000	6.193376
0.699000	8.489108
0.700000	9.581404
0.701000	8.978056
0.702000	6.977710
0.703000	4.445980
0.704000	2.209636
0.705000	0.661451
0.706000	-0.210750
0.707000	-0.590584
0.708000	-0.636801
0.709000	-0.401027
0.710000	0.153686
0.711000	1.058127
0.712000	2.202238
0.713000	3.248787
0.714000	3.731413
0.715000	3.355958
0.716000	2.245636
0.717000	0.852243
0.718000	-0.354575
0.719000	-1.088170
0.720000	-1.237577
0.721000	-0.803036
0.722000	0.092886
0.723000	1.142284
0.724000	1.890501
0.725000	1.984476
0.726000	1.464639
0.727000	0.771304
0.728000	0.414915
0.729000	0.603064
0.730000	1.088411
0.731000	1.324491
0.732000	0.866622
0.733000	-0.281004
0.734000	-1.707287
0.735000	-2.949504
0.736000	-3.770151
0.737000	-4.163288
0.738000	-4.212039
0.739000	-3.967422
0.740000	-3.415730
0.741000	-2.533750
0.742000	-1.406434
0.743000	-0.327155
0.744000	0.266737
0.745000	0.072860
0.746000	-0.821582
0.747000	-2.004610
0.748000	-3.046346
0.749000	-3.721132
0.750000	-4.016492
0.751000	-4.039783
0.752000	-3.930576
0.753000	-3.800115
0.754000	-3.694590
0.755000	-3.587486
0.756000	-3.396836
0.757000	-3.002786
0.758000	-2.242749
0.759000	-0.905964
0.760000	1.193092
0.761000	4.009026
0.762000	7.049423
0.763000	9.437879
0.764000	10.367430
0.765000	9.585233
0.766000	7.467679
0.767000	4.731290
0.768000	2.097061
0.769000	0.053851
0.770000	-1.236154
0.771000	-1.867377
0.772000	-2.044798
0.773000	-1.978210
0.774000	-1.837527
0.775000	-1.733846
0.776000	-1.713543
0.777000	-1.772847
0.778000	-1.884670
0.779000	-2.017130
0.780000	-2.135988
0.781000	-2.198768
0.782000	-2.149152
0.783000	-1.913863
0.784000	-1.406756
0.785000	-0.561312
0.786000	0.585230
0.787000	1.791808
0.788000	2.630189
0.789000	2.721679
0.790000	2.040017
0.791000	0.959325
0.792000	-0.001074
0.793000	-0.444660
0.794000	-0.188415
0.795000	0.737925
0.796000	2.084612
0.797000	3.429804
0.798000	4.351613
0.799000	4.615503
0.800000	4.250840
0.801000	3.541051
0.802000	2.903661
0.803000	2.594836
0.804000	2.454724
0.805000	2.038965
0.806000	1.077166
0.807000	-0.231713
0.808000	-1.383830
0.809000	-1.946629
0.810000	-1.793254
0.811000	-1.145723
0.812000	-0.488697
0.813000	-0.323751
0.814000	-0.848484
0.815000	-1.851450
0.816000	-2.933856
0.817000	-3.797341
0.818000	-4.346382
0.819000	-4.627198
0.820000	-4.733740
0.821000	-4.743604
0.822000	-4.681087
0.823000	-4.500134
0.824000	-4.098032
0.825000	-3.369007
0.826000	-2.294839
0.827000	-1.047908
0.828000	-0.012566
0.829000	0.400795
0.830000	0.081975
0.831000	-0.634076
0.832000	-1.180947
0.833000	-1.104775
0.834000	-0.259771
0.835000	1.162588
0.836000	2.714698
0.837000	3.908364
0.838000	4.465575
0.839000	4.358823
0.840000	3.660798
0.841000	2.497079
0.842000	1.118653
0.843000	-0.150708
0.844000	-1.085930
0.845000	-1.639514
0.846000	-1.879589
0.847000	-1.895393
0.848000	-1.747888
0.849000	-1.466984
0.850000	-1.059437
0.851000	-0.501473
0.852000	0.258432
0.853000	1.231321
0.854000	2.265809
0.855000	3.010958
0.856000	3.102410
0.857000	2.461384
0.858000	1.386657
0.859000	0.339195
0.860000	-0.319214
0.861000	-0.412980
0.862000	0.070826
0.863000	0.984146
0.864000	2.024556
0.865000	2.863717
0.866000	3.347365
0.867000	3.526811
0.868000	3.488081
0.869000	3.278789
0.870000	3.029779
0.871000	2.948156
0.872000	3.047719
0.873000	2.998024
0.874000	2.414012
0.875000	1.301613
0.876000	0.119533
0.877000	-0.604232
0.878000	-0.685437
0.879000	-0.400862
0.880000	-0.272512
0.881000	-0.675927
0.882000	-1.586616
0.883000	-2.682529
0.884000	-3.639177
0.885000	-4.303869
0.886000	-4.674683
0.887000	-4.813971
0.888000	-4.795155
0.889000	-4.685577
0.890000	-4.540698
0.891000	-4.399475
0.892000	-4.278417
0.893000	-4.168282
0.894000	-4.044663
0.895000	-3.889614
0.896000	-3.701718
0.897000	-3.480664
0.898000	-3.198752
0.899000	-2.783664
0.900000	-2.128176
0.901000	-1.136157
0.902000	0.187297
0.903000	1.650723
0.904000	2.931359
0.905000	3.801368
0.906000	4.282291
0.907000	4.534561
0.908000	4.688423
0.909000	4.833876
0.910000	5.000278
0.911000	5.017030
0.912000	4.547786
0.913000	3.425960
0.914000	1.890300
0.915000	0.411372
0.916000	-0.639867
0.917000	-1.124402
0.918000	-1.057744
0.919000	-0.511210
0.920000	0.387042
0.921000	1.376354
0.922000	2.058598
0.923000	2.085852
0.924000	1.421040
0.925000	0.376448
0.926000	-0.633979
0.927000	-1.357447
0.928000	-1.757660
0.929000	-1.906636
0.930000	-1.860241
0.931000	-1.605541
0.932000	-1.093688
0.933000	-0.329366
0.934000	0.542501
0.935000	1.255743
0.936000	1.622106
0.937000	1.769944
0.938000	2.117737
0.939000	3.005854
0.940000	4.286733
0.941000	5.264361
0.942000	5.145800
0.943000	3.697207
0.944000	1.465826
0.945000	-0.650926
0.946000	-1.987634
0.947000	-2.351528
0.948000	-1.955497
0.949000	-1.266726
0.950000	-0.810465
0.951000	-0.907213
0.952000	-1.505302
0.953000	-2.294101
0.954000	-2.982304
0.955000	-3.460628
0.956000	-3.764509
0.957000	-3.961357
0.958000	-4.084184
0.959000	-4.131991
0.960000	-4.095428
0.961000	-3.974983
0.962000	-3.789447
0.963000	-3.576066
0.964000	-3.375826
0.965000	-3.208430
0.966000	-3.056469
0.967000	-2.867440
0.968000	-2.559844
0.969000	-2.027507
0.970000	-1.166078
0.971000	0.061643
0.972000	1.565701
0.973000	3.163717
0.974000	4.713120
0.975000	6.163637
0.976000	7.404571
0.977000	8.114337
0.978000	7.891434
0.979000	6.590508
0.980000	4.523283
0.981000	2.305067
0.982000	0.482766
0.983000	-0.713094
0.984000	-1.345534
0.985000	-1.612286
0.986000	-1.707908
0.987000	-1.753447
0.988000	-1.787031
0.989000	-1.797496
0.990000	-1.769634
0.991000	-1.709677
0.992000	-1.640048
0.993000	-1.579159
0.994000	-1.532592
0.995000	-1.499344
0.996000	-1.475438
0.997000	-1.448927
0.998000	-1.392465
0.999000	-1.253464
1.000000	-0.946446
1.001000	-0.372070
1.002000	0.516147
1.003000	1.630782
1.004000	2.751902
1.005000	3.662438
1.006000	4.290203
1.007000	4.680291
1.008000	4.860326
1.009000	4.784923
1.010000	4.365217
1.011000	3.545897
1.012000	2.458198
1.013000	1.496543
1.014000	1.115250
1.015000	1.473757
1.016000	2.268681
1.017000	2.935352
1.018000	3.065247
1.019000	2.622450
1.020000	1.762581
1.021000	0.594743
1.022000	-0.785839
1.023000	-2.180601
1.024000	-3.350640
1.025000	-4.163832
1.026000	-4.634415
1.027000	-4.856855
1.028000	-4.931705
1.029000	-4.932277
1.030000	-4.902615
1.031000	-4.863180
1.032000	-4.818009
1.033000	-4.765701
1.034000	-4.702431
1.035000	-4.604437
1.036000	-4.404806
1.037000	-3.993742
1.038000	-3.255068
1.039000	-2.136985
1.040000	-0.741098
1.041000	0.641126
1.042000	1.652441
1.043000	2.117666
1.044000	2.145746
1.045000	1.928572
1.046000	1.506306
1.047000	0.825432
1.048000	-0.033011
1.049000	-0.797175
1.050000	-1.157939
1.051000	-0.919091
1.052000	-0.058988
1.053000	1.225108
1.054000	2.498698
1.055000	3.236939
1.056000	3.148206
1.057000	2.383570
1.058000	1.381871
1.059000	0.529503
1.060000	-0.019916
1.061000	-0.297871
1.062000	-0.402253
1.063000	-0.424163
1.064000	-0.426785
1.065000	-0.442713
1.066000	-0.472959
1.067000	-0.494726
1.068000	-0.481263
1.069000	-0.417386
1.070000	-0.293266
1.071000	-0.076850
1.072000	0.313209
1.073000	0.998450
1.074000	2.077619
1.075000	3.540933
1.076000	5.227132
1.077000	6.849112
1.078000	8.026764
1.079000	8.324961
1.080000	7.450563
1.081000	5.561533
1.082000	3.294806
1.083000	1.388192
1.084000	0.280366
1.085000	-0.014294
1.086000	0.185071
1.087000	0.433363
1.088000	0.446293
1.089000	0.294992
1.090000	0.290908
1.091000	0.628661
1.092000	1.119206
1.093000	1.276035
1.094000	0.711152
1.095000	-0.529060
1.096000	-2.032851
1.097000	-3.374908
1.098000	-4.354979
1.099000	-4.981622
1.100000	-5.350042
1.101000	-5.554755
1.102000	-5.659382
1.103000	-5.699119
1.104000	-5.693706
1.105000	-5.655651
1.106000	-5.590924
1.107000	-5.496127
1.108000	-5.349628
1.109000	-5.094791
1.110000	-4.627152
1.111000	-3.804712
1.112000	-2.497609
1.113000	-0.688309
1.114000	1.407112
1.115000	3.325803
1.116000	4.581627
1.117000	4.974939
1.118000	4.627544
1.119000	3.734253
1.120000	2.436299
1.121000	0.934016
1.122000	-0.473814
1.123000	-1.538163
1.124000	-2.176946
1.125000	-2.442395
1.126000	-2.432306
1.127000	-2.236907
1.128000	-1.925500
1.129000	-1.551541
1.130000	-1.162202
1.131000	-0.799978
1.132000	-0.495471
1.133000	-0.263094
1.134000	-0.102610
1.135000	0.001666
1.136000	0.083082
1.137000	0.187198
1.138000	0.363430
1.139000	0.666023
1.140000	1.152600
1.141000	1.852200
1.142000	2.706563
1.143000	3.543295
1.144000	4.153302
1.145000	4.445129
1.146000	4.496270
1.147000	4.397002
1.148000	4.092937
1.149000	3.478120
1.150000	2.625056
1.151000	1.837457
1.152000	1.478094
1.153000	1.781918
1.154000	2.761897
1.155000	4.153547
1.156000	5.417070
1.157000	5.929874
1.158000	5.347303
1.159000	3.832717
1.160000	1.918212
1.161000	0.141749
1.162000	-1.204477
1.163000	-2.082309
1.164000	-2.587912
1.165000	-2.845610
1.166000	-2.959506
1.167000	-3.002394
1.168000	-3.018544
1.169000	-3.033764
1.170000	-3.063189
1.171000	-3.106609
1.172000	-3.145750
1.173000	-3.162572
1.174000	-3.164284
1.175000	-3.180679
1.176000	-3.227364
1.177000	-3.273055
1.178000	-3.245859
1.179000	-3.062478
1.180000	-2.645418
1.181000	-1.937445
1.182000	-0.948042
1.183000	0.202331
1.184000	1.338237
1.185000	2.356978
1.186000	3.225857
1.187000	3.809280
1.188000	3.809639
1.189000	3.003131
1.190000	1.521477
1.191000	-0.170587
1.192000	-1.585208
1.193000	-2.481118
1.194000	-2.885245
1.195000	-2.953015
1.196000	-2.838297
1.197000	-2.637893
1.198000	-2.393286
1.199000	-2.122299
1.200000	-1.848941
1.201000	-1.603209
1.202000	-1.400751
1.203000	-1.236142
1.204000	-1.095191
1.205000	-0.964725
1.206000	-0.833478
1.207000	-0.693304
1.208000	-0.537958
1.209000	-0.351198
1.210000	-0.092684
1.211000	0.295803
1.212000	0.843492
1.213000	1.474294
1.214000	1.979876
1.215000	2.131848
1.216000	1.873429
1.217000	1.392045
1.218000	1.001992
1.219000	0.983000
1.220000	1.504037
1.221000	2.608180
1.222000	4.188676
1.223000	5.962948
1.224000	7.509157
1.225000	8.384873
1.226000	8.284667
1.227000	7.174725
1.228000	5.328735
1.229000	3.216254
1.230000	1.290091
1.231000	-0.189919
1.232000	-1.185759
1.233000	-1.792426
1.234000	-2.138864
1.235000	-2.336924
1.236000	-2.469906
1.237000	-2.590559
1.238000	-2.714548
1.239000	-2.823086
1.240000	-2.887117
1.241000	-2.897055
1.242000	-2.873684
1.243000	-2.856114
1.244000	-2.879876
1.245000	-2.961495
1.246000	-3.098201
1.247000	-3.274603
1.248000	-3.463834
1.249000	-3.628648
1.250000	-3.732815
1.251000	-3.751532
1.252000	-3.661453
1.253000	-3.412062
1.254000	-2.898056
1.255000	-1.953587
1.256000	-0.399146
1.257000	1.812033
1.258000	4.364120
1.259000	6.477111
1.260000	7.237310
1.261000	6.262321
1.262000	4.039185
1.263000	1.528519
1.264000	-0.500608
1.265000	-1.763312
1.266000	-2.332344
1.267000	-2.410907
1.268000	-2.203320
1.269000	-1.879788
1.270000	-1.565878
1.271000	-1.327659
1.272000	-1.171409
1.273000	-1.069076
1.274000	-0.987741
1.275000	-0.902555
1.276000	-0.800276
1.277000	-0.685741
1.278000	-0.582998
1.279000	-0.519216
1.280000	-0.502729
1.281000	-0.516822
1.282000	-0.530578
1.283000	-0.512552
1.284000	-0.442097
1.285000	-0.317256
1.286000	-0.147253
1.287000	0.076003
1.288000	0.409360
1.289000	0.969138
1.290000	1.903177
1.291000	3.297580
1.292000	5.015174
1.293000	6.580750
1.294000	7.327901
1.295000	6.834504
1.296000	5.267864
1.297000	3.254160
1.298000	1.429191
1.299000	0.128396
1.300000	-0.619055
1.301000	-0.949126
1.302000	-1.037244
1.303000	-1.030693
1.304000	-1.022464
1.305000	-1.050747
1.306000	-1.114215
1.307000	-1.192597
1.308000	-1.265999
1.309000	-1.327704
1.310000	-1.382854
1.311000	-1.436136
1.312000	-1.485020
1.313000	-1.521810
1.314000	-1.526331
1.315000	-1.446656
1.316000	-1.202814
1.317000	-0.746645
1.318000	-0.149461
1.319000	0.377514
1.320000	0.605339
1.321000	0.482805
1.322000	0.204739
1.323000	0.054747
1.324000	0.170722
1.325000	0.459626
1.326000	0.736411
1.327000	0.935820
1.328000	1.144366
1.329000	1.401876
1.330000	1.538121
1.331000	1.290634
1.332000	0.577882
1.333000	-0.404690
1.334000	-1.347380
1.335000	-2.030115
1.336000	-2.397648
1.337000	-2.519520
1.338000	-2.507694
1.339000	-2.448614
1.340000	-2.380425
1.341000	-2.306834
1.342000	-2.216457
1.343000	-2.094149
1.344000	-1.931900
1.345000	-1.737645
1.346000	-1.529801
1.347000	-1.322032
1.348000	-1.117678
1.349000	-0.919409
1.350000	-0.739027
1.351000	-0.593424
1.352000	-0.490274
1.353000	-0.415866
1.354000	-0.329028
1.355000	-0.159258
1.356000	0.182594
1.357000	0.766748
1.358000	1.584831
1.359000	2.506323
1.360000	3.301817
1.361000	3.735876
1.362000	3.671400
1.363000	3.148100
1.364000	2.411938
1.365000	1.828733
1.366000	1.686604
1.367000	2.017309
1.368000	2.553243
1.369000	2.870773
1.370000	2.674694
1.371000	2.000238
1.372000	1.130375
1.373000	0.347102
1.374000	-0.217186
1.375000	-0.565732
1.376000	-0.766905
1.377000	-0.898318
1.378000	-1.014253
1.379000	-1.136471
1.380000	-1.261689
1.381000	-1.373522
1.382000	-1.458118
1.383000	-1.519028
1.384000	-1.571609
1.385000	-1.613362
1.386000	-1.600171
1.387000	-1.455601
1.388000	-1.108745
1.389000	-0.545359
1.390000	0.143129
1.391000	0.759673
1.392000	1.108211
1.393000	1.154183
1.394000	1.060162
1.395000	1.018663
1.396000	1.048470
1.397000	0.977797
1.398000	0.647005
1.399000	0.126367
1.400000	-0.286250
1.401000	-0.278863
1.402000	0.250666
1.403000	1.092210
1.404000	1.789426
1.405000	1.899725
1.406000	1.303059
1.407000	0.262121
1.408000	-0.823371
1.409000	-1.681752
1.410000	-2.233975
1.411000	-2.517090
1.412000	-2.601959
1.413000	-2.553929
1.414000	-2.424548
1.415000	-2.253604
1.416000	-2.070424
1.417000	-1.895914
1.418000	-1.746904
1.419000	-1.636606
1.420000	-1.568033
1.421000	-1.527843
1.422000	-1.489490
1.423000	-1.424575
1.424000	-1.314599
1.425000	-1.158489
1.426000	-0.973901
1.427000	-0.788737
1.428000	-0.622440
1.429000	-0.464920
1.430000	-0.263222
1.431000	0.073835
1.432000	0.639488
1.433000	1.455314
1.434000	2.388520
1.435000	3.145610
1.436000	3.422700
1.437000	3.130475
1.438000	2.463422
1.439000	1.734324
1.440000	1.164971
1.441000	0.816407
1.442000	0.644239
1.443000	0.578845
1.444000	0.572384
1.445000	0.604262
1.446000	0.660898
1.447000	0.717000
1.448000	0.738619
1.449000	0.702445
1.450000	0.609467
1.451000	0.481709
1.452000	0.347430
1.453000	0.226568
1.454000	0.127499
1.455000	0.057534
1.456000	0.038050
1.457000	0.112205
1.458000	0.335271
1.459000	0.740543
1.460000	1.285337
1.461000	1.813329
1.462000	2.102196
1.463000	2.010409
1.464000	1.597729
1.465000	1.090658
1.466000	0.746373
1.467000	0.741935
1.468000	1.102213
1.469000	1.642515
1.470000	2.003970
1.471000	1.859759
1.472000	1.157239
1.473000	0.141244
1.474000	-0.857535
1.475000	-1.625135
1.476000	-2.103577
1.477000	-2.328709
1.478000	-2.368223
1.479000	-2.290139
1.480000	-2.154880
1.481000	-2.018390
1.482000	-1.927884
1.483000	-1.903478
1.484000	-1.925158
1.485000	-1.948331
1.486000	-1.939811
1.487000	-1.897869
1.488000	-1.839799
1.489000	-1.781789
1.490000	-1.733901
1.491000	-1.699601
1.492000	-1.663256
1.493000	-1.572190
1.494000	-1.338927
1.495000	-0.886413
1.496000	-0.229077
1.497000	0.466490
1.498000	0.928136
1.499000	0.953126
1.500000	0.570367
1.501000	0.014025
1.502000	-0.458143
1.503000	-0.713082
1.504000	-0.761347
1.505000	-0.688213
1.506000	-0.569750
1.507000	-0.418152
1.508000	-0.168224
1.509000	0.294176
1.510000	1.058053
1.511000	2.080501
1.512000	3.110562
1.513000	3.753750
1.514000	3.713450
1.515000	3.023648
1.516000	2.019109
1.517000	1.075687
1.518000	0.400716
1.519000	0.019892
1.520000	-0.131879
1.521000	-0.141062
1.522000	-0.091099
1.523000	-0.048904
1.524000	-0.048503
1.525000	-0.086411
1.526000	-0.137925
1.527000	-0.180211
1.528000	-0.201910
1.529000	-0.201473
1.530000	-0.188347
1.531000	-0.179958
1.532000	-0.181064
1.533000	-0.162520
1.534000	-0.067446
1.535000	0.159570
1.536000	0.540926
1.537000	1.028458
1.538000	1.466847
1.539000	1.632559
1.540000	1.393831
1.541000	0.858883
1.542000	0.333636
1.543000	0.131444
1.544000	0.415730
1.545000	1.129126
1.546000	1.972714
1.547000	2.493501
1.548000	2.340228
1.549000	1.511988
1.550000	0.330856
1.551000	-0.821562
1.552000	-1.714050
1.553000	-2.289159
1.554000	-2.588159
1.555000	-2.678601
1.556000	-2.617406
1.557000	-2.448198
1.558000	-2.216261
1.559000	-1.978406
1.560000	-1.794739
1.561000	-1.704632
1.562000	-1.704501
1.563000	-1.746677
1.564000	-1.754897
1.565000	-1.638797
1.566000	-1.310447
1.567000	-0.719639
1.568000	0.090402
1.569000	0.935806
1.570000	1.524364
1.571000	1.617109
1.572000	1.209397
1.573000	0.531448
1.574000	-0.135644
1.575000	-0.622997
1.576000	-0.892899
1.577000	-0.976018
1.578000	-0.923722
1.579000	-0.794602
1.580000	-0.645261
1.581000	-0.514147
1.582000	-0.414537
1.583000	-0.343168
1.584000	-0.289582
1.585000	-0.237254
1.586000	-0.167336
1.587000	-0.070292
1.588000	0.048470
1.589000	0.175504
1.590000	0.297681
1.591000	0.406459
1.592000	0.502019
1.593000	0.594588
1.594000	0.696065
1.595000	0.804230
1.596000	0.894224
1.597000	0.932250
1.598000	0.905016
1.599000	0.833811
1.600000	0.753823
1.601000	0.684647
1.602000	0.632840
1.603000	0.623606
1.604000	0.719846
1.605000	1.003926
1.606000	1.532034
1.607000	2.275176
1.608000	3.063002
1.609000	3.593413
1.610000	3.582332
1.611000	2.977750
1.612000	2.013032
1.613000	1.027881
1.614000	0.257702
1.615000	-0.228180
1.616000	-0.468422
1.617000	-0.537532
1.618000	-0.510873
1.619000	-0.460623
1.620000	-0.452158
1.621000	-0.524402
1.622000	-0.671399
1.623000	-0.847840
1.624000	-0.995837
1.625000	-1.075953
1.626000	-1.089958
1.627000	-1.081163
1.628000	-1.102955
1.629000	-1.176894
1.630000	-1.278567
1.631000	-1.360478
1.632000	-1.386395
1.633000	-1.349519
1.634000	-1.266667
1.635000	-1.160418
1.636000	-1.049547
1.637000	-0.955547
1.638000	-0.908717
1.639000	-0.934088
1.640000	-1.025582
1.641000	-1.140799
1.642000	-1.229302
1.643000	-1.260936
1.644000	-1.215565
1.645000	-1.046487
1.646000	-0.667704
1.647000	-0.000072
1.648000	0.932857
1.649000	1.923147
1.650000	2.617585
1.651000	2.725008
1.652000	2.237746
1.653000	1.426361
1.654000	0.616493
1.655000	-0.002689
1.656000	-0.399496
1.657000	-0.619641
1.658000	-0.709139
1.659000	-0.688213
1.660000	-0.575551
1.661000	-0.421764
1.662000	-0.305831
1.663000	-0.293740
1.664000	-0.399975
1.665000	-0.581385
1.666000	-0.760921
1.667000	-0.867226
1.668000	-0.869632
1.669000	-0.783536
1.670000	-0.645267
1.671000	-0.484241
1.672000	-0.310719
1.673000	-0.113573
1.674000	0.138384
1.675000	0.487752
1.676000	0.968313
1.677000	1.574221
1.678000	2.223114
1.679000	2.738935
1.680000	2.913565
1.681000	2.651304
1.682000	2.059158
1.683000	1.364442
1.684000	0.753167
1.685000	0.293227
1.686000	-0.036165
1.687000	-0.283738
1.688000	-0.485115
1.689000	-0.651085
1.690000	-0.775337
1.691000	-0.844623
1.692000	-0.844515
1.693000	-0.768966
1.694000	-0.633542
1.695000	-0.476043
1.696000	-0.339183
1.697000	-0.251903
1.698000	-0.223155
1.699000	-0.244146
1.700000	-0.292147
1.701000	-0.339148
1.702000	-0.368924
1.703000	-0.391085
1.704000	-0.434838
1.705000	-0.524583
1.706000	-0.657160
1.707000	-0.794352
1.708000	-0.871324
1.709000	-0.814890
1.710000	-0.561955
1.711000	-0.073882
1.712000	0.640424
1.713000	1.477724
1.714000	2.204703
1.715000	2.526727
1.716000	2.280329
1.717000	1.578368
1.718000	0.732215
1.719000	0.030491
1.720000	-0.406081
1.721000	-0.611594
1.722000	-0.683849
1.723000	-0.710774
1.724000	-0.741539
1.725000	-0.783744
1.726000	-0.813013
1.727000	-0.797144
1.728000	-0.726529
1.729000	-0.624065
1.730000	-0.525217
1.731000	-0.453510
1.732000	-0.416341
1.733000	-0.417300
1.734000	-0.463409
1.735000	-0.554848
1.736000	-0.670365
1.737000	-0.770403
1.738000	-0.817594
1.739000	-0.795744
1.740000	-0.716856
1.741000	-0.616851
1.742000	-0.541535
1.743000	-0.527393
1.744000	-0.585114
1.745000	-0.691063
1.746000	-0.790275
1.747000	-0.812700
1.748000	-0.695033
1.749000	-0.393928
1.750000	0.112439
1.751000	0.815629
1.752000	1.638822
1.753000	2.392330
1.754000	2.812298
1.755000	2.727514
1.756000	2.210856
1.757000	1.524488
1.758000	0.913268
1.759000	0.471715
1.760000	0.168302
1.761000	-0.065846
1.762000	-0.273170
1.763000	-0.447705
1.764000	-0.549666
1.765000	-0.547898
1.766000	-0.456681
1.767000	-0.329697
1.768000	-0.218409
1.769000	-0.139435
1.770000	-0.079115
1.771000	-0.021985
1.772000	0.029279
1.773000	0.060810
1.774000	0.068304
1.775000	0.060467
1.776000	0.039422
1.777000	-0.009113
1.778000	-0.096721
1.779000	-0.209108
1.780000	-0.306992
1.781000	-0.350905
1.782000	-0.330029
1.783000	-0.269436
1.784000	-0.206892
1.785000	-0.163982
1.786000	-0.142344
1.787000	-0.140537
1.788000	-0.162260
1.789000	-0.207850
1.790000	-0.266694
1.791000	-0.319638
1.792000	-0.343975
1.793000	-0.316847
1.794000	-0.222596
1.795000	-0.064992
1.796000	0.130149
1.797000	0.332517
1.798000	0.525971
1.799000	0.701356
1.800000	0.833266
1.801000	0.878500
1.802000	0.807287
1.803000	0.633098
1.804000	0.405406
1.805000	0.174328
1.806000	-0.032411
1.807000	-0.202008
1.808000	-0.320372
1.809000	-0.370508
1.810000	-0.344112
1.811000	-0.256199
1.812000	-0.151831
1.813000	-0.088230
1.814000	-0.093884
1.815000	-0.142379
1.816000	-0.174649
1.817000	-0.150566
1.818000	-0.076066
1.819000	0.017092
1.820000	0.104312
1.821000	0.173535
1.822000	0.212664
1.823000	0.212057
1.824000	0.179333
1.825000	0.138183
1.826000	0.108036
1.827000	0.089579
1.828000	0.072070
1.829000	0.051479
1.830000	0.036612
1.831000	0.034540
1.832000	0.032214
1.833000	-0.001016
1.834000	-0.088614
1.835000	-0.225744
1.836000	-0.382331
1.837000	-0.521461
1.838000	-0.613327
1.839000	-0.639857
1.840000	-0.595348
1.841000	-0.486043
1.842000	-0.330037
1.843000	-0.156189
1.844000	0.001129
1.845000	0.109814
1.846000	0.147936
1.847000	0.111564
1.848000	0.018689
1.849000	-0.097232
1.850000	-0.203610
1.851000	-0.281511
1.852000	-0.322032
1.853000	-0.313386
1.854000	-0.238800
1.855000	-0.094225
1.856000	0.089372
1.857000	0.250136
1.858000	0.334572
1.859000	0.334250
1.860000	0.280682
1.861000	0.210302
1.862000	0.140955
1.863000	0.075555
1.864000	0.016084
1.865000	-0.028770
1.866000	-0.042279
1.867000	-0.001362
1.868000	0.112182
1.869000	0.289623
1.870000	0.482007
1.871000	0.616769
1.872000	0.639053
1.873000	0.547887
1.874000	0.398523
1.875000	0.267119
1.876000	0.202385
1.877000	0.200324
1.878000	0.220561
1.879000	0.226127
1.880000	0.209444
1.881000	0.186531
1.882000	0.173976
1.883000	0.172448
1.884000	0.166026
1.885000	0.134379
1.886000	0.070354
1.887000	-0.011478
1.888000	-0.086598
1.889000	-0.141505
1.890000	-0.181195
1.891000	-0.218579
1.892000	-0.260192
1.893000	-0.299824
1.894000	-0.323429
1.895000	-0.321368
1.896000	-0.294887
1.897000	-0.251397
1.898000	-0.200649
1.899000	-0.157334
1.900000	-0.139085
1.901000	-0.156845
1.902000	-0.207703
1.903000	-0.273462
1.904000	-0.324405
1.905000	-0.334201
1.906000	-0.299944
1.907000	-0.245647
1.908000	-0.203440
1.909000	-0.189037
1.910000	-0.187652
1.911000	-0.161241
1.912000	-0.077523
1.913000	0.061585
1.914000	0.218988
1.915000	0.348260
1.916000	0.421512
1.917000	0.439245
1.918000	0.421923
1.919000	0.395546
1.920000	0.379151
1.921000	0.373642
1.922000	0.358036
1.923000	0.304487
1.924000	0.204023
1.925000	0.078210
1.926000	-0.033337
1.927000	-0.097061
1.928000	-0.105766
1.929000	-0.084509
1.930000	-0.075503
1.931000	-0.109524
1.932000	-0.185403
1.933000	-0.273901
1.934000	-0.341111
1.935000	-0.369429
1.936000	-0.359433
1.937000	-0.318862
1.938000	-0.255075
1.939000	-0.175424
1.940000	-0.088848
1.941000	-0.004450
1.942000	0.069804
1.943000	0.125959
1.944000	0.155851
1.945000	0.151641
1.946000	0.105125
1.947000	0.012618
1.948000	-0.112106
1.949000	-0.232628
1.950000	-0.306052
1.951000	-0.307959
1.952000	-0.242671
1.953000	-0.137358
1.954000	-0.033928
1.955000	0.024166
1.956000	0.016404
1.957000	-0.039718
1.958000	-0.102132
1.959000	-0.132193
1.960000	-0.116448
1.961000	-0.072490
1.962000	-0.031612
1.963000	-0.007470
1.964000	0.019468
1.965000	0.085162
1.966000	0.208326
1.967000	0.369286
1.968000	0.518673
1.969000	0.607721
1.970000	0.616410
1.971000	0.561205
1.972000	0.479723
1.973000	0.404222
1.974000	0.343007
1.975000	0.281931
1.976000	0.201228
1.977000	0.092347
1.978000	-0.035172
1.979000	-0.156465
1.980000	-0.242068
1.981000	-0.274634
1.982000	-0.261179
1.983000	-0.228212
1.984000	-0.202167
1.985000	-0.193201
1.986000	-0.195402
1.987000	-0.199204
1.988000	-0.204330
1.989000	-0.221353
1.990000	-0.256833
1.991000	-0.297295
1.992000	-0.313030
1.993000	-0.279147
1.994000	-0.194635
1.995000	-0.086012
1.996000	0.007424
1.997000	0.057114
1.998000	0.058979
1.999000	0.029938
2.000000	-0.002969
2.001000	-0.013439
2.002000	0.010567
2.003000	0.056015
2.004000	0.092530
2.005000	0.097551
2.006000	0.071766
2.007000	0.026795
2.008000	-0.034003
2.009000	-0.112293
2.010000	-0.198599
2.011000	-0.272430
2.012000	-0.317721
2.013000	-0.330875
2.014000	-0.316709
2.015000	-0.284216
2.016000	-0.245857
2.017000	-0.212891
2.018000	-0.183442
2.019000	-0.135506
2.020000	-0.039788
2.021000	0.115847
2.022000	0.314609
2.023000	0.519415
2.024000	0.689094
2.025000	0.792828
2.026000	0.822284
2.027000	0.795775
2.028000	0.746909
2.029000	0.704084
2.030000	0.676892
2.031000	0.656290
2.032000	0.623875
2.033000	0.565954
2.034000	0.487711
2.035000	0.415808
2.036000	0.380005
2.037000	0.386006
2.038000	0.409033
2.039000	0.415267
2.040000	0.382132
2.041000	0.298008
2.042000	0.159873
2.043000	-0.014572
2.044000	-0.181001
2.045000	-0.291335
2.046000	-0.327016
2.047000	-0.309910
2.048000	-0.285863
2.049000	-0.297881
2.050000	-0.365279
2.051000	-0.476192
2.052000	-0.594188
2.053000	-0.677784
2.054000	-0.703222
2.055000	-0.674065
2.056000	-0.614933
2.057000	-0.558585
2.058000	-0.529116
2.059000	-0.526001
2.060000	-0.526208
2.061000	-0.509472
2.062000	-0.481628
2.063000	-0.472427
2.064000	-0.515077
2.065000	-0.623886
2.066000	-0.778000
2.067000	-0.923384
2.068000	-0.999721
2.069000	-0.973816
2.070000	-0.855957
2.071000	-0.692804
2.072000	-0.540330
2.073000	-0.430763
2.074000	-0.355145
2.075000	-0.271244
2.076000	-0.133310
2.077000	0.070233
2.078000	0.300402
2.079000	0.491807
2.080000	0.595664
2.081000	0.602627
2.082000	0.534578
2.083000	0.424290
2.084000	0.304775
2.085000	0.214947
2.086000	0.203129
2.087000	0.302458
2.088000	0.491128
2.089000	0.688384
2.090000	0.805353
2.091000	0.804673
2.092000	0.715537
2.093000	0.602691
2.094000	0.525849
2.095000	0.516170
2.096000	0.570719
2.097000	0.657561
2.098000	0.730012
2.099000	0.748106
2.100000	0.695394
2.101000	0.579454
2.102000	0.422951
2.103000	0.259682
2.104000	0.130997
2.105000	0.070603
2.106000	0.088302
2.107000	0.170060
2.108000	0.288432
2.109000	0.409891
2.110000	0.500933
2.111000	0.536550
2.112000	0.506251
2.113000	0.414935
2.114000	0.279646
2.115000	0.122902
2.116000	-0.034545
2.117000	-0.176516
2.118000	-0.289625
2.119000	-0.364722
2.120000	-0.403842
2.121000	-0.419320
2.122000	-0.419070
2.123000	-0.397841
2.124000	-0.349704
2.125000	-0.318841
