0.000000	0.000000
0.001000	-0.000001
0.002000	-0.000001
0.003000	-0.000002
0.004000	-0.000003
0.005000	-0.000005
0.006000	-0.000008
0.007000	-0.000013
0.008000	-0.000021
0.009000	-0.000034
0.010000	-0.000055
0.011000	-0.000087
0.012000	-0.000139
0.013000	-0.000220
0.014000	-0.000345
0.015000	-0.000538
0.016000	-0.000833
0.017000	-0.001282
0.018000	-0.001956
0.019000	-0.002961
0.020000	-0.004444
0.021000	-0.006604
0.022000	-0.009708
0.023000	-0.014083
0.024000	-0.020110
0.025000	-0.028148
0.026000	-0.038372
0.027000	-0.050421
0.028000	-0.062721
0.029000	-0.071297
0.030000	-0.068009
0.031000	-0.038616
0.032000	0.037458
0.033000	0.181366
0.034000	0.397923
0.035000	0.650590
0.036000	0.852367
0.037000	0.904583
0.038000	0.769756
0.039000	0.504880
0.040000	0.214533
0.041000	-0.021447
0.042000	-0.177133
0.043000	-0.264607
0.044000	-0.307992
0.045000	-0.328175
0.046000	-0.338659
0.047000	-0.346714
0.048000	-0.355542
0.049000	-0.365822
0.050000	-0.376198
0.051000	-0.382408
0.052000	-0.375080
0.053000	-0.337459
0.054000	-0.246110
0.055000	-0.079529
0.056000	0.161222
0.057000	0.427207
0.058000	0.620674
0.059000	0.646452
0.060000	0.485879
0.061000	0.214071
0.062000	-0.061315
0.063000	-0.269637
0.064000	-0.395280
0.065000	-0.455546
0.066000	-0.474973
0.067000	-0.472479
0.068000	-0.459143
0.069000	-0.440494
0.070000	-0.419345
0.071000	-0.397628
0.072000	-0.377011
0.073000	-0.358781
0.074000	-0.343576
0.075000	-0.331244
0.076000	-0.320500
0.077000	-0.307819
0.078000	-0.285463
0.079000	-0.239233
0.080000	-0.147587
0.081000	0.013944
0.082000	0.257121
0.083000	0.554385
0.084000	0.822193
0.085000	0.950506
0.086000	0.878328
0.087000	0.645135
0.088000	0.357650
0.089000	0.111539
0.090000	-0.052293
0.091000	-0.139261
0.092000	-0.174206
0.093000	-0.182134
0.094000	-0.180511
0.095000	-0.178645
0.096000	-0.179601
0.097000	-0.181321
0.098000	-0.175561
0.099000	-0.145735
0.100000	-0.066686
0.101000	0.088794
0.102000	0.331751
0.103000	0.631608
0.104000	0.909736
0.105000	1.081772
0.106000	1.123195
0.107000	1.076829
0.108000	0.982936
0.109000	0.827958
0.110000	0.583283
0.111000	0.270118
0.112000	-0.042096
0.113000	-0.290342
0.114000	-0.453558
0.115000	-0.545562
0.116000	-0.591795
0.117000	-0.614002
0.118000	-0.626293
0.119000	-0.636051
0.120000	-0.644436
0.121000	-0.645657
0.122000	-0.626218
0.123000	-0.565159
0.124000	-0.437446
0.125000	-0.226137
0.126000	0.052857
0.127000	0.327671
0.128000	0.486380
0.129000	0.447977
0.130000	0.229858
0.131000	-0.066137
0.132000	-0.332511
0.133000	-0.513884
0.134000	-0.607355
0.135000	-0.635418
0.136000	-0.624038
0.137000	-0.593228
0.138000	-0.555322
0.139000	-0.516571
0.140000	-0.479726
0.141000	-0.446084
0.142000	-0.416335
0.143000	-0.390474
0.144000	-0.367485
0.145000	-0.345359
0.146000	-0.321148
0.147000	-0.290014
0.148000	-0.242926
0.149000	-0.164180
0.150000	-0.031358
0.151000	0.177757
0.152000	0.466156
0.153000	0.790382
0.154000	1.052018
0.155000	1.142643
0.156000	1.024593
0.157000	0.764937
0.158000	0.480748
0.159000	0.259036
0.160000	0.125911
0.161000	0.065210
0.162000	0.048015
0.163000	0.050268
0.164000	0.057261
0.165000	0.061387
0.166000	0.058869
0.167000	0.048131
0.168000	0.029744
0.169000	0.007048
0.170000	-0.012686
0.171000	-0.016328
0.172000	0.017143
0.173000	0.116078
0.174000	0.307403
0.175000	0.595704
0.176000	0.940343
0.177000	1.258996
0.178000	1.468782
0.179000	1.522748
0.180000	1.403808
0.181000	1.115053
0.182000	0.702249
0.183000	0.259012
0.184000	-0.120448
0.185000	-0.390216
0.186000	-0.556077
0.187000	-0.648637
0.188000	-0.698913
0.189000	-0.728128
0.190000	-0.747562
0.191000	-0.762082
0.192000	-0.773648
0.193000	-0.783549
0.194000	-0.793417
0.195000	-0.804942
0.196000	-0.817917
0.197000	-0.827526
0.198000	-0.822711
0.199000	-0.785965
0.200000	-0.694097
0.201000	-0.523027
0.202000	-0.263789
0.203000	0.049743
0.204000	0.325270
0.205000	0.447917
0.206000	0.361975
0.207000	0.119028
0.208000	-0.165339
0.209000	-0.395190
0.210000	-0.535347
0.211000	-0.597788
0.212000	-0.611218
0.213000	-0.600871
0.214000	-0.581748
0.215000	-0.558716
0.216000	-0.526998
0.217000	-0.470686
0.218000	-0.361819
0.219000	-0.165902
0.220000	0.140800
0.221000	0.546298
0.222000	0.992133
0.223000	1.398548
0.224000	1.705620
0.225000	1.882838
0.226000	1.907144
0.227000	1.754029
0.228000	1.419226
0.229000	0.949660
0.230000	0.444782
0.231000	0.010107
0.232000	-0.296449
0.233000	-0.475941
0.234000	-0.562236
0.235000	-0.592806
0.236000	-0.594810
0.237000	-0.583756
0.238000	-0.566709
0.239000	-0.545871
0.240000	-0.521597
0.241000	-0.494627
0.242000	-0.467535
0.243000	-0.445132
0.244000	-0.432839
0.245000	-0.433359
0.246000	-0.444494
0.247000	-0.459998
0.248000	-0.471559
0.249000	-0.468999
0.250000	-0.438745
0.251000	-0.362740
0.252000	-0.220178
0.253000	0.003700
0.254000	0.297019
0.255000	0.597087
0.256000	0.795831
0.257000	0.801043
0.258000	0.610749
0.259000	0.316726
0.260000	0.031017
0.261000	-0.182133
0.262000	-0.315306
0.263000	-0.388613
0.264000	-0.420147
0.265000	-0.410614
0.266000	-0.339588
0.267000	-0.170225
0.268000	0.134818
0.269000	0.580875
0.270000	1.099473
0.271000	1.536385
0.272000	1.718301
0.273000	1.577141
0.274000	1.217948
0.275000	0.847559
0.276000	0.624870
0.277000	0.562340
0.278000	0.544354
0.279000	0.436176
0.280000	0.192652
0.281000	-0.125753
0.282000	-0.424920
0.283000	-0.646467
0.284000	-0.780763
0.285000	-0.845601
0.286000	-0.865693
0.287000	-0.863012
0.288000	-0.853589
0.289000	-0.846460
0.290000	-0.843591
0.291000	-0.841687
0.292000	-0.836189
0.293000	-0.824967
0.294000	-0.808822
0.295000	-0.789587
0.296000	-0.768579
0.297000	-0.746213
0.298000	-0.722099
0.299000	-0.695031
0.300000	-0.661979
0.301000	-0.615562
0.302000	-0.541064
0.303000	-0.415747
0.304000	-0.215185
0.305000	0.068179
0.306000	0.397289
0.307000	0.678737
0.308000	0.802387
0.309000	0.720618
0.310000	0.488656
0.311000	0.217907
0.312000	-0.001817
0.313000	-0.135049
0.314000	-0.182863
0.315000	-0.151374
0.316000	-0.031273
0.317000	0.204412
0.318000	0.580254
0.319000	1.075883
0.320000	1.584103
0.321000	1.923296
0.322000	1.934980
0.323000	1.600701
0.324000	1.060634
0.325000	0.513763
0.326000	0.105329
0.327000	-0.107936
0.328000	-0.128599
0.329000	0.013061
0.330000	0.260270
0.331000	0.515916
0.332000	0.657763
0.333000	0.603048
0.334000	0.369054
0.335000	0.056717
0.336000	-0.227229
0.337000	-0.428338
0.338000	-0.546479
0.339000	-0.608316
0.340000	-0.642201
0.341000	-0.665722
0.342000	-0.684029
0.343000	-0.695085
0.344000	-0.697085
0.345000	-0.692681
0.346000	-0.687680
0.347000	-0.687164
0.348000	-0.693350
0.349000	-0.705715
0.350000	-0.721185
0.351000	-0.733436
0.352000	-0.732115
0.353000	-0.702307
0.354000	-0.623957
0.355000	-0.474058
0.356000	-0.238997
0.357000	0.060445
0.358000	0.349620
0.359000	0.522814
0.360000	0.517797
0.361000	0.380013
0.362000	0.240620
0.363000	0.223774
0.364000	0.367438
0.365000	0.610775
0.366000	0.844415
0.367000	0.979098
0.368000	0.974593
0.369000	0.828734
0.370000	0.579674
0.371000	0.317532
0.372000	0.151528
0.373000	0.140280
0.374000	0.246532
0.375000	0.354430
0.376000	0.347405
0.377000	0.197252
0.378000	-0.014754
0.379000	-0.163362
0.380000	-0.164168
0.381000	-0.019301
0.382000	0.181549
0.383000	0.304470
0.384000	0.254046
0.385000	0.038434
0.386000	-0.249248
0.387000	-0.509618
0.388000	-0.692158
0.389000	-0.794611
0.390000	-0.837366
0.391000	-0.843188
0.392000	-0.828490
0.393000	-0.802760
0.394000	-0.771998
0.395000	-0.741667
0.396000	-0.716414
0.397000	-0.697179
0.398000	-0.678615
0.399000	-0.649062
0.400000	-0.592213
0.401000	-0.488235
0.402000	-0.315944
0.403000	-0.063166
0.404000	0.250440
0.405000	0.552875
0.406000	0.736963
0.407000	0.727702
0.408000	0.543586
0.409000	0.281780
0.410000	0.044973
0.411000	-0.112159
0.412000	-0.184749
0.413000	-0.192889
0.414000	-0.157856
0.415000	-0.088764
0.416000	0.020341
0.417000	0.183822
0.418000	0.406821
0.419000	0.659266
0.420000	0.863037
0.421000	0.924836
0.422000	0.806942
0.423000	0.566956
0.424000	0.321451
0.425000	0.179432
0.426000	0.208062
0.427000	0.428118
0.428000	0.805921
0.429000	1.241584
0.430000	1.586472
0.431000	1.703057
0.432000	1.532214
0.433000	1.122552
0.434000	0.603130
0.435000	0.113690
0.436000	-0.259612
0.437000	-0.499784
0.438000	-0.633003
0.439000	-0.696624
0.440000	-0.721722
0.441000	-0.729129
0.442000	-0.730945
0.443000	-0.732415
0.444000	-0.734115
0.445000	-0.735630
0.446000	-0.738810
0.447000	-0.747335
0.448000	-0.762781
0.449000	-0.780376
0.450000	-0.786955
0.451000	-0.761431
0.452000	-0.677430
0.453000	-0.510817
0.454000	-0.257946
0.455000	0.038239
0.456000	0.280933
0.457000	0.364452
0.458000	0.252729
0.459000	0.010850
0.460000	-0.249356
0.461000	-0.446451
0.462000	-0.556768
0.463000	-0.593189
0.464000	-0.574331
0.465000	-0.506811
0.466000	-0.382688
0.467000	-0.189298
0.468000	0.069906
0.469000	0.350963
0.470000	0.566174
0.471000	0.627457
0.472000	0.513093
0.473000	0.287969
0.474000	0.053231
0.475000	-0.115274
0.476000	-0.184406
0.477000	-0.145445
0.478000	0.003513
0.479000	0.252192
0.480000	0.553009
0.481000	0.807888
0.482000	0.906397
0.483000	0.803190
0.484000	0.555763
0.485000	0.275288
0.486000	0.047404
0.487000	-0.100451
0.488000	-0.181225
0.489000	-0.219275
0.490000	-0.234013
0.491000	-0.236653
0.492000	-0.232873
0.493000	-0.224940
0.494000	-0.210137
0.495000	-0.176800
0.496000	-0.102579
0.497000	0.039665
0.498000	0.264714
0.499000	0.549831
0.500000	0.822437
0.501000	0.993395
0.502000	1.028253
0.503000	0.978187
0.504000	0.916194
0.505000	0.848937
0.506000	0.716616
0.507000	0.477704
0.508000	0.166827
0.509000	-0.136550
0.510000	-0.372413
0.511000	-0.525685
0.512000	-0.611051
0.513000	-0.651386
0.514000	-0.667320
0.515000	-0.674499
0.516000	-0.682352
0.517000	-0.693894
0.518000	-0.707283
0.519000	-0.716932
0.520000	-0.712167
0.521000	-0.674959
0.522000	-0.580566
0.523000	-0.405145
0.524000	-0.144112
0.525000	0.162094
0.526000	0.418922
0.527000	0.518899
0.528000	0.419963
0.529000	0.182473
0.530000	-0.081567
0.531000	-0.288535
0.532000	-0.414080
0.533000	-0.471700
0.534000	-0.482447
0.535000	-0.461973
0.536000	-0.421557
0.537000	-0.371181
0.538000	-0.319815
0.539000	-0.274780
0.540000	-0.241770
0.541000	-0.224158
0.542000	-0.220510
0.543000	-0.222612
0.544000	-0.216755
0.545000	-0.186787
0.546000	-0.115446
0.547000	0.014830
0.548000	0.214313
0.549000	0.467455
0.550000	0.718479
0.551000	0.893700
0.552000	0.963061
0.553000	0.975416
0.554000	1.006745
0.555000	1.068034
0.556000	1.082794
0.557000	0.966212
0.558000	0.715151
0.559000	0.408976
0.560000	0.137296
0.561000	-0.055481
0.562000	-0.170584
0.563000	-0.229359
0.564000	-0.253810
0.565000	-0.260053
0.566000	-0.258718
0.567000	-0.256188
0.568000	-0.254678
0.569000	-0.253087
0.570000	-0.250180
0.571000	-0.247478
0.572000	-0.248498
0.573000	-0.255748
0.574000	-0.269324
0.575000	-0.287204
0.576000	-0.304376
0.577000	-0.310411
0.578000	-0.287975
0.579000	-0.214126
0.580000	-0.066631
0.581000	0.159360
0.582000	0.425473
0.583000	0.640797
0.584000	0.703923
0.585000	0.578871
0.586000	0.325662
0.587000	0.048247
0.588000	-0.177784
0.589000	-0.329238
0.590000	-0.415564
0.591000	-0.454266
0.592000	-0.460535
0.593000	-0.446944
0.594000	-0.424416
0.595000	-0.401464
0.596000	-0.383144
0.597000	-0.370622
0.598000	-0.361065
0.599000	-0.348628
0.600000	-0.327481
0.601000	-0.295499
0.602000	-0.255709
0.603000	-0.214183
0.604000	-0.176143
0.605000	-0.143664
0.606000	-0.116317
0.607000	-0.092981
0.608000	-0.072880
0.609000	-0.055569
0.610000	-0.040253
0.611000	-0.024905
0.612000	-0.006222
0.613000	0.018749
0.614000	0.050149
0.615000	0.084137
0.616000	0.114353
0.617000	0.135204
0.618000	0.144630
0.619000	0.144621
0.620000	0.140439
0.621000	0.140310
0.622000	0.155254
0.623000	0.198344
0.624000	0.283970
0.625000	0.426159
0.626000	0.631844
0.627000	0.884869
0.628000	1.127144
0.629000	1.264230
0.630000	1.218303
0.631000	0.992800
0.632000	0.675264
0.633000	0.371797
0.634000	0.145465
0.635000	0.005978
0.636000	-0.067254
0.637000	-0.101467
0.638000	-0.118815
0.639000	-0.133183
0.640000	-0.149958
0.641000	-0.167827
0.642000	-0.183445
0.643000	-0.196756
0.644000	-0.212731
0.645000	-0.238436
0.646000	-0.278458
0.647000	-0.331776
0.648000	-0.390405
0.649000	-0.438970
0.650000	-0.454740
0.651000	-0.408261
0.652000	-0.266750
0.653000	-0.006591
0.654000	0.360956
0.655000	0.765811
0.656000	1.089158
0.657000	1.215487
0.658000	1.089368
0.659000	0.740942
0.660000	0.272455
0.661000	-0.190561
0.662000	-0.556862
0.663000	-0.794672
0.664000	-0.917178
0.665000	-0.954503
0.666000	-0.932864
0.667000	-0.864235
0.668000	-0.744513
0.669000	-0.561590
0.670000	-0.316292
0.671000	-0.049832
0.672000	0.149520
0.673000	0.190448
0.674000	0.050427
0.675000	-0.201065
0.676000	-0.457430
0.677000	-0.644941
0.678000	-0.745107
0.679000	-0.774992
0.680000	-0.760905
0.681000	-0.723821
0.682000	-0.676337
0.683000	-0.625396
0.684000	-0.575196
0.685000	-0.527306
0.686000	-0.479953
0.687000	-0.430082
0.688000	-0.376900
0.689000	-0.321822
0.690000	-0.263518
0.691000	-0.192228
0.692000	-0.087335
0.693000	0.080271
0.694000	0.337448
0.695000	0.686058
0.696000	1.080388
0.697000	1.434614
0.698000	1.665561
0.699000	1.725989
0.700000	1.602476
0.701000	1.315161
0.702000	0.930894
0.703000	0.545081
0.704000	0.232080
0.705000	0.017047
0.706000	-0.112819
0.707000	-0.182945
0.708000	-0.212512
0.709000	-0.205494
0.710000	-0.150541
0.711000	-0.028957
0.712000	0.170306
0.713000	0.430785
0.714000	0.694921
0.715000	0.882113
0.716000	0.944381
0.717000	0.904260
0.718000	0.815999
0.719000	0.694280
0.720000	0.511456
0.721000	0.266555
0.722000	0.025981
0.723000	-0.117094
0.724000	-0.114479
0.725000	-0.003896
0.726000	0.102539
0.727000	0.084299
0.728000	-0.102218
0.729000	-0.396556
0.730000	-0.693719
0.731000	-0.921435
0.732000	-1.064211
0.733000	-1.139398
0.734000	-1.167492
0.735000	-1.157970
0.736000	-1.106785
0.737000	-0.999150
0.738000	-0.819579
0.739000	-0.572413
0.740000	-0.304539
0.741000	-0.104536
0.742000	-0.055775
0.743000	-0.171237
0.744000	-0.380243
0.745000	-0.585593
0.746000	-0.727041
0.747000	-0.796598
0.748000	-0.815976
0.749000	-0.810135
0.750000	-0.793501
0.751000	-0.767402
0.752000	-0.721682
0.753000	-0.635862
0.754000	-0.479756
0.755000	-0.218472
0.756000	0.169620
0.757000	0.660709
0.758000	1.162224
0.759000	1.536792
0.760000	1.678583
0.761000	1.587210
0.762000	1.368907
0.763000	1.150644
0.764000	0.980622
0.765000	0.815380
0.766000	0.600936
0.767000	0.346101
0.768000	0.110748
0.769000	-0.053982
0.770000	-0.139494
0.771000	-0.170342
0.772000	-0.179044
0.773000	-0.188729
0.774000	-0.208645
0.775000	-0.237333
0.776000	-0.266579
0.777000	-0.282526
0.778000	-0.265526
0.779000	-0.192756
0.780000	-0.046907
0.781000	0.167032
0.782000	0.402501
0.783000	0.572816
0.784000	0.596923
0.785000	0.464834
0.786000	0.255164
0.787000	0.083499
0.788000	0.035408
0.789000	0.131700
0.790000	0.327402
0.791000	0.538726
0.792000	0.691194
0.793000	0.750557
0.794000	0.705026
0.795000	0.540442
0.796000	0.261635
0.797000	-0.076479
0.798000	-0.389727
0.799000	-0.614519
0.800000	-0.726716
0.801000	-0.724208
0.802000	-0.609961
0.803000	-0.400204
0.804000	-0.149823
0.805000	0.042313
0.806000	0.083045
0.807000	-0.038781
0.808000	-0.233823
0.809000	-0.378974
0.810000	-0.400863
0.811000	-0.312753
0.812000	-0.199893
0.813000	-0.165072
0.814000	-0.258256
0.815000	-0.445435
0.816000	-0.646587
0.817000	-0.797943
0.818000	-0.879584
0.819000	-0.902121
0.820000	-0.880606
0.821000	-0.817538
0.822000	-0.700922
0.823000	-0.516262
0.824000	-0.269619
0.825000	-0.009027
0.826000	0.185219
0.827000	0.257414
0.828000	0.235480
0.829000	0.219545
0.830000	0.299676
0.831000	0.481681
0.832000	0.687453
0.833000	0.825276
0.834000	0.857419
0.835000	0.795080
0.836000	0.650547
0.837000	0.430786
0.838000	0.169314
0.839000	-0.074385
0.840000	-0.254057
0.841000	-0.360037
0.842000	-0.407481
0.843000	-0.416074
0.844000	-0.402049
0.845000	-0.378687
0.846000	-0.355168
0.847000	-0.332967
0.848000	-0.304741
0.849000	-0.256815
0.850000	-0.172473
0.851000	-0.036370
0.852000	0.155258
0.853000	0.378009
0.854000	0.569612
0.855000	0.650823
0.856000	0.579556
0.857000	0.391485
0.858000	0.178978
0.859000	0.031521
0.860000	-0.001562
0.861000	0.089152
0.862000	0.283173
0.863000	0.533932
0.864000	0.781640
0.865000	0.986913
0.866000	1.152636
0.867000	1.294667
0.868000	1.392176
0.869000	1.381798
0.870000	1.200050
0.871000	0.835741
0.872000	0.357758
0.873000	-0.110244
0.874000	-0.454291
0.875000	-0.615864
0.876000	-0.594686
0.877000	-0.437115
0.878000	-0.231198
0.879000	-0.088862
0.880000	-0.094185
0.881000	-0.250823
0.882000	-0.487518
0.883000	-0.717611
0.884000	-0.889081
0.885000	-0.990662
0.886000	-1.033409
0.887000	-1.035039
0.888000	-1.013885
0.889000	-0.986192
0.890000	-0.962928
0.891000	-0.948159
0.892000	-0.940022
0.893000	-0.931619
0.894000	-0.911137
0.895000	-0.863277
0.896000	-0.771613
0.897000	-0.620751
0.898000	-0.402392
0.899000	-0.130930
0.900000	0.139788
0.901000	0.328533
0.902000	0.385173
0.903000	0.349994
0.904000	0.341102
0.905000	0.469496
0.906000	0.754293
0.907000	1.098667
0.908000	1.339883
0.909000	1.345913
0.910000	1.097892
0.911000	0.698587
0.912000	0.302863
0.913000	0.033024
0.914000	-0.059790
0.915000	0.009729
0.916000	0.175307
0.917000	0.335432
0.918000	0.393088
0.919000	0.311179
0.920000	0.130830
0.921000	-0.071148
0.922000	-0.238434
0.923000	-0.354576
0.924000	-0.428401
0.925000	-0.473617
0.926000	-0.497534
0.927000	-0.497775
0.928000	-0.462014
0.929000	-0.369154
0.930000	-0.195179
0.931000	0.073191
0.932000	0.423204
0.933000	0.814205
0.934000	1.190046
0.935000	1.481735
0.936000	1.599779
0.937000	1.464448
0.938000	1.078464
0.939000	0.554833
0.940000	0.049496
0.941000	-0.329253
0.942000	-0.549122
0.943000	-0.623904
0.944000	-0.579432
0.945000	-0.447608
0.946000	-0.281525
0.947000	-0.159777
0.948000	-0.153541
0.949000	-0.276570
0.950000	-0.475198
0.951000	-0.673274
0.952000	-0.820773
0.953000	-0.905048
0.954000	-0.935920
0.955000	-0.929806
0.956000	-0.901315
0.957000	-0.860276
0.958000	-0.812143
0.959000	-0.760000
0.960000	-0.705952
0.961000	-0.651605
0.962000	-0.598990
0.963000	-0.551282
0.964000	-0.510999
0.965000	-0.475013
0.966000	-0.428672
0.967000	-0.343856
0.968000	-0.186188
0.969000	0.066704
0.970000	0.402802
0.971000	0.770019
0.972000	1.106246
0.973000	1.381532
0.974000	1.594305
0.975000	1.721935
0.976000	1.705194
0.977000	1.500464
0.978000	1.134077
0.979000	0.697944
0.980000	0.297723
0.981000	0.001326
0.982000	-0.177510
0.983000	-0.262303
0.984000	-0.288184
0.985000	-0.285526
0.986000	-0.275069
0.987000	-0.268939
0.988000	-0.272670
0.989000	-0.286775
0.990000	-0.308221
0.991000	-0.332109
0.992000	-0.353416
0.993000	-0.368571
0.994000	-0.376521
0.995000	-0.377931
0.996000	-0.371019
0.997000	-0.345289
0.998000	-0.277157
0.999000	-0.132590
1.000000	0.116897
1.001000	0.462154
1.002000	0.825278
1.003000	1.072320
1.004000	1.095630
1.005000	0.908049
1.006000	0.643033
1.007000	0.446599
1.008000	0.366224
1.009000	0.333595
1.010000	0.244956
1.011000	0.063309
1.012000	-0.148409
1.013000	-0.279479
1.014000	-0.244001
1.015000	-0.023002
1.016000	0.321500
1.017000	0.657989
1.018000	0.838689
1.019000	0.777096
1.020000	0.490697
1.021000	0.079506
1.022000	-0.333725
1.023000	-0.660656
1.024000	-0.871936
1.025000	-0.984165
1.026000	-1.030446
1.027000	-1.037969
1.028000	-1.021109
1.029000	-0.986067
1.030000	-0.938092
1.031000	-0.884471
1.032000	-0.833579
1.033000	-0.794339
1.034000	-0.775874
1.035000	-0.783060
1.036000	-0.810044
1.037000	-0.839908
1.038000	-0.851328
1.039000	-0.822867
1.040000	-0.729297
1.041000	-0.536638
1.042000	-0.207777
1.043000	0.273959
1.044000	0.867880
1.045000	1.451353
1.046000	1.845970
1.047000	1.904571
1.048000	1.607483
1.049000	1.083660
1.050000	0.527915
1.051000	0.087140
1.052000	-0.191051
1.053000	-0.333410
1.054000	-0.389967
1.055000	-0.400185
1.056000	-0.385067
1.057000	-0.353110
1.058000	-0.307956
1.059000	-0.253245
1.060000	-0.194319
1.061000	-0.137428
1.062000	-0.088030
1.063000	-0.050205
1.064000	-0.027132
1.065000	-0.019251
1.066000	-0.018820
1.067000	-0.006814
1.068000	0.041298
1.069000	0.142966
1.070000	0.296970
1.071000	0.481312
1.072000	0.669045
1.073000	0.854890
1.074000	1.055651
1.075000	1.262784
1.076000	1.399540
1.077000	1.357428
1.078000	1.093920
1.079000	0.684927
1.080000	0.274947
1.081000	-0.013856
1.082000	-0.130134
1.083000	-0.089953
1.084000	0.045286
1.085000	0.199414
1.086000	0.322322
1.087000	0.408885
1.088000	0.462992
1.089000	0.449946
1.090000	0.315241
1.091000	0.054736
1.092000	-0.261951
1.093000	-0.546167
1.094000	-0.750494
1.095000	-0.876948
1.096000	-0.950014
1.097000	-0.992419
1.098000	-1.017100
1.099000	-1.029555
1.100000	-1.032001
1.101000	-1.025425
1.102000	-1.010611
1.103000	-0.989739
1.104000	-0.967163
1.105000	-0.947222
1.106000	-0.930686
1.107000	-0.913359
1.108000	-0.886478
1.109000	-0.835141
1.110000	-0.733625
1.111000	-0.542526
1.112000	-0.218215
1.113000	0.255829
1.114000	0.823390
1.115000	1.336569
1.116000	1.612745
1.117000	1.548949
1.118000	1.193024
1.119000	0.704133
1.120000	0.248960
1.121000	-0.075882
1.122000	-0.254798
1.123000	-0.319861
1.124000	-0.314298
1.125000	-0.273371
1.126000	-0.220400
1.127000	-0.169306
1.128000	-0.127771
1.129000	-0.098862
1.130000	-0.081939
1.131000	-0.074176
1.132000	-0.072368
1.133000	-0.073133
1.134000	-0.069999
1.135000	-0.049606
1.136000	0.007017
1.137000	0.114863
1.138000	0.270396
1.139000	0.439630
1.140000	0.562021
1.141000	0.582095
1.142000	0.491675
1.143000	0.339461
1.144000	0.196748
1.145000	0.118754
1.146000	0.134676
1.147000	0.258005
1.148000	0.489282
1.149000	0.796326
1.150000	1.091435
1.151000	1.254003
1.152000	1.212481
1.153000	1.009036
1.154000	0.760823
1.155000	0.554154
1.156000	0.388487
1.157000	0.215662
1.158000	0.010603
1.159000	-0.205158
1.160000	-0.392542
1.161000	-0.527242
1.162000	-0.606433
1.163000	-0.640567
1.164000	-0.646083
1.165000	-0.640844
1.166000	-0.638853
1.167000	-0.645593
1.168000	-0.658597
1.169000	-0.673170
1.170000	-0.687066
1.171000	-0.699641
1.172000	-0.708326
1.173000	-0.707416
1.174000	-0.689768
1.175000	-0.648395
1.176000	-0.575463
1.177000	-0.460676
1.178000	-0.295933
1.179000	-0.089115
1.180000	0.125697
1.181000	0.302220
1.182000	0.415566
1.183000	0.476636
1.184000	0.510826
1.185000	0.536151
1.186000	0.559565
1.187000	0.567820
1.188000	0.520520
1.189000	0.382031
1.190000	0.167289
1.191000	-0.061907
1.192000	-0.245955
1.193000	-0.362384
1.194000	-0.421416
1.195000	-0.443690
1.196000	-0.444340
1.197000	-0.430089
1.198000	-0.404091
1.199000	-0.370131
1.200000	-0.332715
1.201000	-0.296400
1.202000	-0.266671
1.203000	-0.249044
1.204000	-0.244651
1.205000	-0.247021
1.206000	-0.244247
1.207000	-0.224180
1.208000	-0.178197
1.209000	-0.101747
1.210000	0.007146
1.211000	0.146976
1.212000	0.305340
1.213000	0.452333
1.214000	0.554211
1.215000	0.607857
1.216000	0.656162
1.217000	0.753506
1.218000	0.915814
1.219000	1.112613
1.220000	1.298697
1.221000	1.431449
1.222000	1.460941
1.223000	1.339680
1.224000	1.062680
1.225000	0.686692
1.226000	0.300474
1.227000	-0.024115
1.228000	-0.258696
1.229000	-0.411430
1.230000	-0.504689
1.231000	-0.558257
1.232000	-0.585033
1.233000	-0.594260
1.234000	-0.594429
1.235000	-0.592243
1.236000	-0.590550
1.237000	-0.589385
1.238000	-0.588837
1.239000	-0.589527
1.240000	-0.591133
1.241000	-0.592973
1.242000	-0.596409
1.243000	-0.604218
1.244000	-0.615713
1.245000	-0.623661
1.246000	-0.618451
1.247000	-0.595505
1.248000	-0.556698
1.249000	-0.503407
1.250000	-0.428969
1.251000	-0.320387
1.252000	-0.171850
1.253000	0.001421
1.254000	0.171082
1.255000	0.329302
1.256000	0.507924
1.257000	0.739239
1.258000	0.986681
1.259000	1.134490
1.260000	1.074908
1.261000	0.809206
1.262000	0.448426
1.263000	0.121851
1.264000	-0.100642
1.265000	-0.216356
1.266000	-0.257319
1.267000	-0.260283
1.268000	-0.252569
1.269000	-0.248467
1.270000	-0.250651
1.271000	-0.255177
1.272000	-0.257445
1.273000	-0.254905
1.274000	-0.246363
1.275000	-0.231776
1.276000	-0.214090
1.277000	-0.199766
1.278000	-0.194929
1.279000	-0.199717
1.280000	-0.206902
1.281000	-0.206752
1.282000	-0.192772
1.283000	-0.162067
1.284000	-0.110267
1.285000	-0.026789
1.286000	0.102817
1.287000	0.284900
1.288000	0.502472
1.289000	0.713938
1.290000	0.877696
1.291000	0.978557
1.292000	1.016251
1.293000	0.973643
1.294000	0.825861
1.295000	0.585919
1.296000	0.315785
1.297000	0.084143
1.298000	-0.074936
1.299000	-0.165709
1.300000	-0.210610
1.301000	-0.231228
1.302000	-0.240752
1.303000	-0.245360
1.304000	-0.247873
1.305000	-0.249835
1.306000	-0.252206
1.307000	-0.255701
1.308000	-0.261165
1.309000	-0.269802
1.310000	-0.282615
1.311000	-0.298664
1.312000	-0.313773
1.313000	-0.321711
1.314000	-0.315991
1.315000	-0.287679
1.316000	-0.219623
1.317000	-0.086867
1.318000	0.126113
1.319000	0.395856
1.320000	0.644461
1.321000	0.769082
1.322000	0.709643
1.323000	0.494606
1.324000	0.215837
1.325000	-0.038114
1.326000	-0.223831
1.327000	-0.338621
1.328000	-0.396180
1.329000	-0.407982
1.330000	-0.375921
1.331000	-0.293889
1.332000	-0.158442
1.333000	0.012568
1.334000	0.167335
1.335000	0.237929
1.336000	0.188410
1.337000	0.046325
1.338000	-0.120854
1.339000	-0.256203
1.340000	-0.339105
1.341000	-0.377739
1.342000	-0.391052
1.343000	-0.395136
1.344000	-0.396665
1.345000	-0.393430
1.346000	-0.379986
1.347000	-0.354128
1.348000	-0.320304
1.349000	-0.287570
1.350000	-0.263224
1.351000	-0.247617
1.352000	-0.233524
1.353000	-0.206965
1.354000	-0.146475
1.355000	-0.025115
1.356000	0.176614
1.357000	0.446681
1.358000	0.724174
1.359000	0.919139
1.360000	0.974930
1.361000	0.919155
1.362000	0.838224
1.363000	0.792188
1.364000	0.760611
1.365000	0.676500
1.366000	0.505319
1.367000	0.279054
1.368000	0.059414
1.369000	-0.111858
1.370000	-0.226247
1.371000	-0.294604
1.372000	-0.332725
1.373000	-0.354207
1.374000	-0.366929
1.375000	-0.372256
1.376000	-0.367980
1.377000	-0.352597
1.378000	-0.327547
1.379000	-0.297546
1.380000	-0.270020
1.381000	-0.252743
1.382000	-0.249878
1.383000	-0.259275
1.384000	-0.273278
1.385000	-0.283068
1.386000	-0.284001
1.387000	-0.275914
1.388000	-0.255221
1.389000	-0.206368
1.390000	-0.104878
1.391000	0.064823
1.392000	0.288364
1.393000	0.517752
1.394000	0.694954
1.395000	0.784940
1.396000	0.792233
1.397000	0.754338
1.398000	0.712674
1.399000	0.671273
1.400000	0.586658
1.401000	0.416009
1.402000	0.172235
1.403000	-0.081403
1.404000	-0.283524
1.405000	-0.411350
1.406000	-0.477495
1.407000	-0.506979
1.408000	-0.518506
1.409000	-0.519003
1.410000	-0.507693
1.411000	-0.482092
1.412000	-0.442157
1.413000	-0.392111
1.414000	-0.339442
1.415000	-0.292105
1.416000	-0.256874
1.417000	-0.238690
1.418000	-0.238391
1.419000	-0.249946
1.420000	-0.261972
1.421000	-0.264965
1.422000	-0.258597
1.423000	-0.251153
1.424000	-0.250928
1.425000	-0.258988
1.426000	-0.269777
1.427000	-0.274819
1.428000	-0.263153
1.429000	-0.220489
1.430000	-0.131996
1.431000	0.011605
1.432000	0.206828
1.433000	0.428618
1.434000	0.625192
1.435000	0.733146
1.436000	0.717388
1.437000	0.601268
1.438000	0.449214
1.439000	0.319615
1.440000	0.235780
1.441000	0.189748
1.442000	0.160769
1.443000	0.131656
1.444000	0.097008
1.445000	0.062175
1.446000	0.035905
1.447000	0.023244
1.448000	0.023744
1.449000	0.033869
1.450000	0.048707
1.451000	0.061740
1.452000	0.066288
1.453000	0.059905
1.454000	0.047010
1.455000	0.036092
1.456000	0.034902
1.457000	0.048716
1.458000	0.081803
1.459000	0.138749
1.460000	0.221910
1.461000	0.322741
1.462000	0.412269
1.463000	0.446424
1.464000	0.395119
1.465000	0.272580
1.466000	0.133919
1.467000	0.040418
1.468000	0.029253
1.469000	0.104573
1.470000	0.236798
1.471000	0.364134
1.472000	0.414386
1.473000	0.350256
1.474000	0.196181
1.475000	0.013144
1.476000	-0.148247
1.477000	-0.268690
1.478000	-0.351387
1.479000	-0.406719
1.480000	-0.443255
1.481000	-0.464809
1.482000	-0.471539
1.483000	-0.463921
1.484000	-0.446369
1.485000	-0.426808
1.486000	-0.412751
1.487000	-0.407676
1.488000	-0.408979
1.489000	-0.405988
1.490000	-0.380109
1.491000	-0.312878
1.492000	-0.202582
1.493000	-0.078461
1.494000	0.006256
1.495000	0.008555
1.496000	-0.070484
1.497000	-0.188588
1.498000	-0.296884
1.499000	-0.368108
1.500000	-0.398488
1.501000	-0.393484
1.502000	-0.354029
1.503000	-0.271621
1.504000	-0.133553
1.505000	0.063046
1.506000	0.293345
1.507000	0.497158
1.508000	0.601449
1.509000	0.569471
1.510000	0.430609
1.511000	0.255112
1.512000	0.102933
1.513000	-0.002409
1.514000	-0.066008
1.515000	-0.102549
1.516000	-0.123708
1.517000	-0.134783
1.518000	-0.136071
1.519000	-0.125033
1.520000	-0.099060
1.521000	-0.059350
1.522000	-0.013203
1.523000	0.028414
1.524000	0.056706
1.525000	0.069470
1.526000	0.070657
1.527000	0.066504
1.528000	0.062812
1.529000	0.065016
1.530000	0.078222
1.531000	0.105945
1.532000	0.150379
1.533000	0.215247
1.534000	0.305934
1.535000	0.421317
1.536000	0.541715
1.537000	0.630766
1.538000	0.664341
1.539000	0.662709
1.540000	0.678796
1.541000	0.740292
1.542000	0.806668
1.543000	0.795490
1.544000	0.657746
1.545000	0.422693
1.546000	0.168014
1.547000	-0.040833
1.548000	-0.179862
1.549000	-0.257213
1.550000	-0.293441
1.551000	-0.309727
1.552000	-0.323267
1.553000	-0.344006
1.554000	-0.372443
1.555000	-0.401982
1.556000	-0.425887
1.557000	-0.443452
1.558000	-0.459804
1.559000	-0.480079
1.560000	-0.504550
1.561000	-0.528793
1.562000	-0.546327
1.563000	-0.549709
1.564000	-0.529932
1.565000	-0.476198
1.566000	-0.378351
1.567000	-0.235267
1.568000	-0.068709
1.569000	0.070523
1.570000	0.123385
1.571000	0.065523
1.572000	-0.069657
1.573000	-0.217546
1.574000	-0.328715
1.575000	-0.387724
1.576000	-0.401240
1.577000	-0.382170
1.578000	-0.342700
1.579000	-0.292479
1.580000	-0.238777
1.581000	-0.187594
1.582000	-0.143427
1.583000	-0.107346
1.584000	-0.076107
1.585000	-0.043915
1.586000	-0.005450
1.587000	0.041303
1.588000	0.093130
1.589000	0.142356
1.590000	0.181088
1.591000	0.205450
1.592000	0.216114
1.593000	0.216680
1.594000	0.212760
1.595000	0.211044
1.596000	0.216905
1.597000	0.232197
1.598000	0.255482
1.599000	0.283442
1.600000	0.311090
1.601000	0.332130
1.602000	0.342029
1.603000	0.342030
1.604000	0.340072
1.605000	0.348753
1.606000	0.383700
1.607000	0.460584
1.608000	0.583597
1.609000	0.727236
1.610000	0.832480
1.611000	0.838015
1.612000	0.727744
1.613000	0.543651
1.614000	0.349877
1.615000	0.191057
1.616000	0.080634
1.617000	0.011986
1.618000	-0.028292
1.619000	-0.053721
1.620000	-0.075366
1.621000	-0.099048
1.622000	-0.123340
1.623000	-0.142391
1.624000	-0.153165
1.625000	-0.160715
1.626000	-0.175585
1.627000	-0.205173
1.628000	-0.247729
1.629000	-0.294302
1.630000	-0.335128
1.631000	-0.364937
1.632000	-0.385387
1.633000	-0.403927
1.634000	-0.428298
1.635000	-0.459060
1.636000	-0.485947
1.637000	-0.491523
1.638000	-0.458278
1.639000	-0.373312
1.640000	-0.232050
1.641000	-0.046878
1.642000	0.141981
1.643000	0.270708
1.644000	0.285552
1.645000	0.184570
1.646000	0.021195
1.647000	-0.137071
1.648000	-0.249631
1.649000	-0.310627
1.650000	-0.333761
1.651000	-0.335841
1.652000	-0.328399
1.653000	-0.317472
1.654000	-0.307669
1.655000	-0.303818
1.656000	-0.306802
1.657000	-0.309194
1.658000	-0.298402
1.659000	-0.265921
1.660000	-0.213730
1.661000	-0.152020
1.662000	-0.091504
1.663000	-0.038226
1.664000	0.006107
1.665000	0.041950
1.666000	0.070308
1.667000	0.090921
1.668000	0.101614
1.669000	0.101304
1.670000	0.094803
1.671000	0.094337
1.672000	0.115548
1.673000	0.171463
1.674000	0.269435
1.675000	0.409706
1.676000	0.578721
1.677000	0.738669
1.678000	0.832052
1.679000	0.815554
1.680000	0.697428
1.681000	0.533867
1.682000	0.386036
1.683000	0.283792
1.684000	0.222824
1.685000	0.183403
1.686000	0.149154
1.687000	0.114294
1.688000	0.080129
1.689000	0.049163
1.690000	0.023377
1.691000	0.005392
1.692000	-0.002515
1.693000	-0.001673
1.694000	0.002566
1.695000	0.004641
1.696000	0.001362
1.697000	-0.009648
1.698000	-0.031087
1.699000	-0.063034
1.700000	-0.100234
1.701000	-0.134750
1.702000	-0.161542
1.703000	-0.180877
1.704000	-0.196251
1.705000	-0.210581
1.706000	-0.222883
1.707000	-0.226789
1.708000	-0.211585
1.709000	-0.165072
1.710000	-0.078284
1.711000	0.045039
1.712000	0.175537
1.713000	0.258385
1.714000	0.243376
1.715000	0.124973
1.716000	-0.052070
1.717000	-0.226923
1.718000	-0.357150
1.719000	-0.428311
1.720000	-0.447386
1.721000	-0.432837
1.722000	-0.404188
1.723000	-0.373601
1.724000	-0.344734
1.725000	-0.318453
1.726000	-0.297331
1.727000	-0.283839
1.728000	-0.276197
1.729000	-0.267963
1.730000	-0.252101
1.731000	-0.226009
1.732000	-0.193452
1.733000	-0.161615
1.734000	-0.135243
1.735000	-0.112727
1.736000	-0.088455
1.737000	-0.059730
1.738000	-0.029937
1.739000	-0.004048
1.740000	0.016051
1.741000	0.030421
1.742000	0.039296
1.743000	0.045617
1.744000	0.058239
1.745000	0.091528
1.746000	0.161936
1.747000	0.281625
1.748000	0.446021
1.749000	0.619657
1.750000	0.740770
1.751000	0.758159
1.752000	0.671686
1.753000	0.530471
1.754000	0.391185
1.755000	0.282804
1.756000	0.204766
1.757000	0.146075
1.758000	0.101415
1.759000	0.072374
1.760000	0.058963
1.761000	0.054283
1.762000	0.048383
1.763000	0.035859
1.764000	0.018898
1.765000	0.003555
1.766000	-0.006685
1.767000	-0.014570
1.768000	-0.027204
1.769000	-0.050064
1.770000	-0.081622
1.771000	-0.112944
1.772000	-0.132774
1.773000	-0.134807
1.774000	-0.122613
1.775000	-0.107984
1.776000	-0.102274
1.777000	-0.107599
1.778000	-0.116567
1.779000	-0.119792
1.780000	-0.112137
1.781000	-0.093746
1.782000	-0.069490
1.783000	-0.047706
1.784000	-0.035824
1.785000	-0.035191
1.786000	-0.041147
1.787000	-0.049216
1.788000	-0.060756
1.789000	-0.081562
1.790000	-0.114949
1.791000	-0.156510
1.792000	-0.194643
1.793000	-0.215612
1.794000	-0.210545
1.795000	-0.181192
1.796000	-0.139670
1.797000	-0.100991
1.798000	-0.074564
1.799000	-0.061179
1.800000	-0.055547
1.801000	-0.050730
1.802000	-0.041606
1.803000	-0.026310
1.804000	-0.006370
1.805000	0.013058
1.806000	0.024273
1.807000	0.022259
1.808000	0.010738
1.809000	0.001125
1.810000	0.003768
1.811000	0.020527
1.812000	0.045576
1.813000	0.071606
1.814000	0.094707
1.815000	0.114704
1.816000	0.132783
1.817000	0.149610
1.818000	0.164561
1.819000	0.175559
1.820000	0.180032
1.821000	0.176139
1.822000	0.162953
1.823000	0.141113
1.824000	0.114557
1.825000	0.090116
1.826000	0.073594
1.827000	0.066064
1.828000	0.064311
1.829000	0.065078
1.830000	0.068563
1.831000	0.076987
1.832000	0.090368
1.833000	0.105184
1.834000	0.116240
1.835000	0.118167
1.836000	0.106711
1.837000	0.081047
1.838000	0.044863
1.839000	0.004786
1.840000	-0.031249
1.841000	-0.054713
1.842000	-0.059591
1.843000	-0.047495
1.844000	-0.028172
1.845000	-0.013289
1.846000	-0.009726
1.847000	-0.017779
1.848000	-0.033633
1.849000	-0.052528
1.850000	-0.070575
1.851000	-0.086211
1.852000	-0.101615
1.853000	-0.121366
1.854000	-0.147600
1.855000	-0.176380
1.856000	-0.199349
1.857000	-0.208455
1.858000	-0.199512
1.859000	-0.173872
1.860000	-0.138911
1.861000	-0.106266
1.862000	-0.087268
1.863000	-0.087537
1.864000	-0.103775
1.865000	-0.125380
1.866000	-0.140765
1.867000	-0.143709
1.868000	-0.134579
1.869000	-0.117105
1.870000	-0.095728
1.871000	-0.075345
1.872000	-0.060458
1.873000	-0.052220
1.874000	-0.046878
1.875000	-0.038473
1.876000	-0.023123
1.877000	-0.000687
1.878000	0.026410
1.879000	0.054743
1.880000	0.081164
1.881000	0.104203
1.882000	0.123943
1.883000	0.139726
1.884000	0.149127
1.885000	0.150207
1.886000	0.143767
1.887000	0.132590
1.888000	0.119082
1.889000	0.104065
1.890000	0.087766
1.891000	0.071902
1.892000	0.060646
1.893000	0.058505
1.894000	0.066178
1.895000	0.079285
1.896000	0.092210
1.897000	0.102875
1.898000	0.113320
1.899000	0.125456
1.900000	0.136417
1.901000	0.139624
1.902000	0.131190
1.903000	0.113691
1.904000	0.092898
1.905000	0.072836
1.906000	0.055030
1.907000	0.040288
1.908000	0.029533
1.909000	0.023965
1.910000	0.024553
1.911000	0.030019
1.912000	0.035505
1.913000	0.034655
1.914000	0.024019
1.915000	0.006184
1.916000	-0.011179
1.917000	-0.020211
1.918000	-0.018138
1.919000	-0.008736
1.920000	0.001006
1.921000	0.005984
1.922000	0.005074
1.923000	-0.001697
1.924000	-0.016553
1.925000	-0.042011
1.926000	-0.075469
1.927000	-0.108154
1.928000	-0.130161
1.929000	-0.135813
1.930000	-0.125701
1.931000	-0.106096
1.932000	-0.086121
1.933000	-0.073230
1.934000	-0.069803
1.935000	-0.073317
1.936000	-0.079251
1.937000	-0.084249
1.938000	-0.087747
1.939000	-0.091104
1.940000	-0.095229
1.941000	-0.099486
1.942000	-0.102426
1.943000	-0.102057
1.944000	-0.095550
1.945000	-0.081335
1.946000	-0.062862
1.947000	-0.048415
1.948000	-0.045320
1.949000	-0.054305
1.950000	-0.069095
1.951000	-0.080090
1.952000	-0.078789
1.953000	-0.061471
1.954000	-0.031258
1.955000	0.002707
1.956000	0.029106
1.957000	0.039955
1.958000	0.035294
1.959000	0.023843
1.960000	0.018124
1.961000	0.026740
1.962000	0.048919
1.963000	0.074954
1.964000	0.092456
1.965000	0.094444
1.966000	0.083619
1.967000	0.069868
1.968000	0.063008
1.969000	0.066236
1.970000	0.074940
1.971000	0.080962
1.972000	0.078641
1.973000	0.068693
1.974000	0.057351
1.975000	0.051288
1.976000	0.052941
1.977000	0.059880
1.978000	0.067206
1.979000	0.070363
1.980000	0.066916
1.981000	0.057045
1.982000	0.043379
1.983000	0.030279
1.984000	0.022283
1.985000	0.022343
1.986000	0.030518
1.987000	0.043854
1.988000	0.058435
1.989000	0.071973
1.990000	0.083750
1.991000	0.092300
1.992000	0.094041
1.993000	0.084850
1.994000	0.063798
1.995000	0.035331
1.996000	0.006573
1.997000	-0.017686
1.998000	-0.036040
1.999000	-0.047099
2.000000	-0.047955
2.001000	-0.037742
2.002000	-0.021636
2.003000	-0.009424
2.004000	-0.009538
2.005000	-0.024166
2.006000	-0.048667
2.007000	-0.074686
2.008000	-0.094877
2.009000	-0.106598
2.010000	-0.112371
2.011000	-0.116921
2.012000	-0.122917
2.013000	-0.128586
2.014000	-0.128877
2.015000	-0.119156
2.016000	-0.099097
2.017000	-0.074358
2.018000	-0.054197
2.019000	-0.045719
2.020000	-0.049242
2.021000	-0.059268
2.022000	-0.069706
2.023000	-0.077311
2.024000	-0.080793
2.025000	-0.079199
2.026000	-0.072193
2.027000	-0.060544
2.028000	-0.045443
2.029000	-0.028010
2.030000	-0.010005
2.031000	0.005942
2.032000	0.017888
2.033000	0.025485
2.034000	0.028765
2.035000	0.027739
2.036000	0.024116
2.037000	0.021620
2.038000	0.023007
2.039000	0.027136
2.040000	0.029781
2.041000	0.027338
2.042000	0.019732
2.043000	0.010599
2.044000	0.005675
2.045000	0.010611
2.046000	0.028871
2.047000	0.060356
2.048000	0.100630
2.049000	0.140791
2.050000	0.170143
2.051000	0.182438
2.052000	0.180027
2.053000	0.169903
2.054000	0.155948
2.055000	0.137059
2.056000	0.111960
2.057000	0.083231
2.058000	0.056811
2.059000	0.039914
2.060000	0.038875
2.061000	0.054853
2.062000	0.079481
2.063000	0.097447
2.064000	0.096535
2.065000	0.075685
2.066000	0.043460
2.067000	0.009582
2.068000	-0.021866
2.069000	-0.052005
2.070000	-0.082033
2.071000	-0.109957
2.072000	-0.131618
2.073000	-0.143388
2.074000	-0.143879
2.075000	-0.134045
2.076000	-0.116002
2.077000	-0.091673
2.078000	-0.063043
2.079000	-0.033682
2.080000	-0.008324
2.081000	0.010012
2.082000	0.021568
2.083000	0.028422
2.084000	0.031809
2.085000	0.029800
2.086000	0.017870
2.087000	-0.006001
2.088000	-0.036509
2.089000	-0.063433
2.090000	-0.079773
2.091000	-0.086422
2.092000	-0.088268
2.093000	-0.087080
2.094000	-0.079812
2.095000	-0.063398
2.096000	-0.039806
2.097000	-0.015958
2.098000	0.001196
2.099000	0.009361
2.100000	0.010715
2.101000	0.007894
2.102000	0.001565
2.103000	-0.007833
2.104000	-0.017613
2.105000	-0.023749
2.106000	-0.024192
2.107000	-0.020613
2.108000	-0.016632
2.109000	-0.014603
2.110000	-0.014729
2.111000	-0.016700
2.112000	-0.019957
2.113000	-0.021774
2.114000	-0.017368
2.115000	-0.003504
2.116000	0.018491
2.117000	0.043118
2.118000	0.063386
2.119000	0.074046
2.120000	0.073458
2.121000	0.070389
