0.000000	0.000000
0.001000	0.004491
0.002000	0.054366
0.003000	0.216699
0.004000	0.515249
0.005000	0.916731
0.006000	1.362796
0.007000	1.791930
0.008000	2.151449
0.009000	2.402990
0.010000	2.523926
0.011000	2.506082
0.012000	2.353434
0.013000	2.079469
0.014000	1.704062
0.015000	1.250847
0.016000	0.745311
0.017000	0.212885
0.018000	-0.322763
0.019000	-0.840959
0.020000	-1.324749
0.021000	-1.760843
0.022000	-2.139219
0.023000	-2.453147
0.024000	-2.699016
0.025000	-2.866548
0.026000	-2.904865
0.027000	-2.751631
0.028000	-2.401671
0.029000	-1.902494
0.030000	-1.322038
0.031000	-0.728796
0.032000	-0.180948
0.033000	0.278436
0.034000	0.622216
0.035000	0.837784
0.036000	0.924536
0.037000	0.891443
0.038000	0.754829
0.039000	0.535888
0.040000	0.258016
0.041000	-0.055506
0.042000	-0.383261
0.043000	-0.706988
0.044000	-1.012019
0.045000	-1.283924
0.046000	-1.477032
0.047000	-1.513914
0.048000	-1.356438
0.049000	-1.031656
0.050000	-0.598878
0.051000	-0.125087
0.052000	0.328903
0.053000	0.715401
0.054000	1.002224
0.055000	1.172120
0.056000	1.220844
0.057000	1.154640
0.058000	0.987621
0.059000	0.739152
0.060000	0.431376
0.061000	0.087439
0.062000	-0.270211
0.063000	-0.621754
0.064000	-0.950999
0.065000	-1.245364
0.066000	-1.495695
0.067000	-1.695827
0.068000	-1.842205
0.069000	-1.932684
0.070000	-1.942290
0.071000	-1.811239
0.072000	-1.503627
0.073000	-1.031818
0.074000	-0.394678
0.075000	0.410960
0.076000	1.332785
0.077000	2.277835
0.078000	3.148213
0.079000	3.860832
0.080000	4.356759
0.081000	4.604329
0.082000	4.596930
0.083000	4.347993
0.084000	3.885911
0.085000	3.249175
0.086000	2.481607
0.087000	1.628079
0.088000	0.731948
0.089000	-0.166347
0.090000	-1.031270
0.091000	-1.833473
0.092000	-2.549932
0.093000	-3.163999
0.094000	-3.665174
0.095000	-4.045927
0.096000	-4.269942
0.097000	-4.265830
0.098000	-3.999836
0.099000	-3.508600
0.100000	-2.864315
0.101000	-2.147602
0.102000	-1.431997
0.103000	-0.775725
0.104000	-0.219536
0.105000	0.212463
0.106000	0.511047
0.107000	0.679442
0.108000	0.729879
0.109000	0.679755
0.110000	0.549445
0.111000	0.360797
0.112000	0.135257
0.113000	-0.107346
0.114000	-0.349393
0.115000	-0.576025
0.116000	-0.775198
0.117000	-0.937479
0.118000	-1.056527
0.119000	-1.129545
0.120000	-1.156904
0.121000	-1.141156
0.122000	-1.085365
0.123000	-0.975306
0.124000	-0.748924
0.125000	-0.347186
0.126000	0.219737
0.127000	0.892487
0.128000	1.596812
0.129000	2.262436
0.130000	2.832154
0.131000	3.265660
0.132000	3.539954
0.133000	3.647813
0.134000	3.594891
0.135000	3.396143
0.136000	3.072965
0.137000	2.650503
0.138000	2.155269
0.139000	1.613921
0.140000	1.052070
0.141000	0.493117
0.142000	-0.042423
0.143000	-0.534619
0.144000	-0.932765
0.145000	-1.132823
0.146000	-1.025676
0.147000	-0.583424
0.148000	0.119930
0.149000	0.960247
0.150000	1.807549
0.151000	2.550313
0.152000	3.106656
0.153000	3.426537
0.154000	3.488677
0.155000	3.295907
0.156000	2.870600
0.157000	2.248985
0.158000	1.475124
0.159000	0.596619
0.160000	-0.338148
0.161000	-1.282528
0.162000	-2.194428
0.163000	-3.038481
0.164000	-3.787297
0.165000	-4.421521
0.166000	-4.928524
0.167000	-5.301099
0.168000	-5.537031
0.169000	-5.639157
0.170000	-5.613812
0.171000	-5.444598
0.172000	-5.071413
0.173000	-4.455041
0.174000	-3.627532
0.175000	-2.662914
0.176000	-1.647076
0.177000	-0.660122
0.178000	0.233009
0.179000	0.986511
0.180000	1.573855
0.181000	1.985780
0.182000	2.226303
0.183000	2.308853
0.184000	2.253950
0.185000	2.086236
0.186000	1.833334
0.187000	1.548851
0.188000	1.322347
0.189000	1.217700
0.190000	1.235559
0.191000	1.347457
0.192000	1.562585
0.193000	1.956732
0.194000	2.581585
0.195000	3.387031
0.196000	4.253712
0.197000	5.048954
0.198000	5.657671
0.199000	5.996911
0.200000	6.020852
0.201000	5.719557
0.202000	5.113203
0.203000	4.243323
0.204000	3.164587
0.205000	1.938723
0.206000	0.629606
0.207000	-0.701681
0.208000	-2.001398
0.209000	-3.224838
0.210000	-4.335553
0.211000	-5.304917
0.212000	-6.112657
0.213000	-6.746763
0.214000	-7.201920
0.215000	-7.478215
0.216000	-7.581537
0.217000	-7.523868
0.218000	-7.321187
0.219000	-6.990629
0.220000	-6.549626
0.221000	-6.014395
0.222000	-5.369520
0.223000	-4.559968
0.224000	-3.563115
0.225000	-2.423321
0.226000	-1.217615
0.227000	-0.028103
0.228000	1.073714
0.229000	2.034134
0.230000	2.818299
0.231000	3.409365
0.232000	3.806297
0.233000	4.019328
0.234000	4.066171
0.235000	3.969598
0.236000	3.754831
0.237000	3.451765
0.238000	3.148268
0.239000	3.004093
0.240000	3.120246
0.241000	3.470915
0.242000	3.961271
0.243000	4.477046
0.244000	4.913877
0.245000	5.192975
0.246000	5.275802
0.247000	5.196421
0.248000	5.025571
0.249000	4.793165
0.250000	4.486577
0.251000	4.079892
0.252000	3.551552
0.253000	2.891947
0.254000	2.105764
0.255000	1.211046
0.256000	0.235494
0.257000	-0.787337
0.258000	-1.820832
0.259000	-2.829395
0.260000	-3.781548
0.261000	-4.649441
0.262000	-5.409375
0.263000	-6.043614
0.264000	-6.540256
0.265000	-6.892973
0.266000	-7.100961
0.267000	-7.167863
0.268000	-7.100918
0.269000	-6.909443
0.270000	-6.602674
0.271000	-6.190711
0.272000	-5.683108
0.273000	-5.055661
0.274000	-4.254567
0.275000	-3.268129
0.276000	-2.145382
0.277000	-0.962083
0.278000	0.203619
0.279000	1.284122
0.280000	2.227826
0.281000	3.000469
0.282000	3.583817
0.283000	3.973561
0.284000	4.177373
0.285000	4.212326
0.286000	4.106013
0.287000	3.942598
0.288000	3.878786
0.289000	4.023520
0.290000	4.362943
0.291000	4.811465
0.292000	5.263689
0.293000	5.622957
0.294000	5.814886
0.295000	5.792595
0.296000	5.536923
0.297000	5.067818
0.298000	4.468568
0.299000	3.834806
0.300000	3.208179
0.301000	2.589481
0.302000	1.963119
0.303000	1.310186
0.304000	0.617391
0.305000	-0.118015
0.306000	-0.887913
0.307000	-1.676745
0.308000	-2.465796
0.309000	-3.234795
0.310000	-3.961506
0.311000	-4.623247
0.312000	-5.199791
0.313000	-5.675137
0.314000	-6.038421
0.315000	-6.283781
0.316000	-6.409877
0.317000	-6.418026
0.318000	-6.309871
0.319000	-6.088819
0.320000	-5.762878
0.321000	-5.344816
0.322000	-4.850447
0.323000	-4.296619
0.324000	-3.698905
0.325000	-3.055379
0.326000	-2.320218
0.327000	-1.451049
0.328000	-0.465944
0.329000	0.575843
0.330000	1.619237
0.331000	2.654872
0.332000	3.680821
0.333000	4.653949
0.334000	5.508911
0.335000	6.183308
0.336000	6.633698
0.337000	6.867779
0.338000	6.948537
0.339000	6.926291
0.340000	6.804025
0.341000	6.561610
0.342000	6.188612
0.343000	5.727725
0.344000	5.240633
0.345000	4.742248
0.346000	4.211211
0.347000	3.618702
0.348000	2.942565
0.349000	2.193149
0.350000	1.438064
0.351000	0.745033
0.352000	0.125834
0.353000	-0.442940
0.354000	-0.994821
0.355000	-1.559107
0.356000	-2.152488
0.357000	-2.776534
0.358000	-3.420346
0.359000	-4.065172
0.360000	-4.689385
0.361000	-5.272268
0.362000	-5.794704
0.363000	-6.239195
0.364000	-6.590721
0.365000	-6.837700
0.366000	-6.972817
0.367000	-6.994630
0.368000	-6.907073
0.369000	-6.715997
0.370000	-6.428509
0.371000	-6.053416
0.372000	-5.600832
0.373000	-5.074256
0.374000	-4.435379
0.375000	-3.628463
0.376000	-2.652287
0.377000	-1.561032
0.378000	-0.430143
0.379000	0.666324
0.380000	1.667515
0.381000	2.529104
0.382000	3.223364
0.383000	3.738656
0.384000	4.075643
0.385000	4.244107
0.386000	4.261945
0.387000	4.153256
0.388000	3.958351
0.389000	3.758747
0.390000	3.635862
0.391000	3.612795
0.392000	3.666872
0.393000	3.754356
0.394000	3.826035
0.395000	3.848901
0.396000	3.845426
0.397000	3.863948
0.398000	3.910647
0.399000	3.951762
0.400000	3.954481
0.401000	3.936250
0.402000	3.932625
0.403000	3.933620
0.404000	3.894834
0.405000	3.767082
0.406000	3.512376
0.407000	3.109852
0.408000	2.557068
0.409000	1.866582
0.410000	1.060589
0.411000	0.167575
0.412000	-0.778403
0.413000	-1.739671
0.414000	-2.678604
0.415000	-3.560883
0.416000	-4.357949
0.417000	-5.047417
0.418000	-5.612119
0.419000	-6.040002
0.420000	-6.325135
0.421000	-6.468457
0.422000	-6.477292
0.423000	-6.363049
0.424000	-6.138906
0.425000	-5.818997
0.426000	-5.404878
0.427000	-4.852966
0.428000	-4.115457
0.429000	-3.206007
0.430000	-2.184673
0.431000	-1.125744
0.432000	-0.100022
0.433000	0.834408
0.434000	1.634887
0.435000	2.273401
0.436000	2.735903
0.437000	3.022240
0.438000	3.161474
0.439000	3.230798
0.440000	3.304568
0.441000	3.400891
0.442000	3.499440
0.443000	3.568133
0.444000	3.577715
0.445000	3.507513
0.446000	3.354511
0.447000	3.167669
0.448000	3.021479
0.449000	2.940778
0.450000	2.897827
0.451000	2.845396
0.452000	2.738991
0.453000	2.546731
0.454000	2.251682
0.455000	1.851315
0.456000	1.353678
0.457000	0.773846
0.458000	0.133316
0.459000	-0.541555
0.460000	-1.223109
0.461000	-1.885115
0.462000	-2.504551
0.463000	-3.061897
0.464000	-3.540798
0.465000	-3.928992
0.466000	-4.219333
0.467000	-4.409011
0.468000	-4.496956
0.469000	-4.457884
0.470000	-4.230656
0.471000	-3.781313
0.472000	-3.137176
0.473000	-2.324761
0.474000	-1.345929
0.475000	-0.237658
0.476000	0.912721
0.477000	2.006774
0.478000	2.957858
0.479000	3.698813
0.480000	4.186821
0.481000	4.406537
0.482000	4.365648
0.483000	4.087910
0.484000	3.608617
0.485000	2.970095
0.486000	2.217453
0.487000	1.396638
0.488000	0.552078
0.489000	-0.277615
0.490000	-1.061647
0.491000	-1.776283
0.492000	-2.399387
0.493000	-2.875919
0.494000	-3.124872
0.495000	-3.113536
0.496000	-2.875742
0.497000	-2.476331
0.498000	-1.986921
0.499000	-1.472506
0.500000	-0.985199
0.501000	-0.563027
0.502000	-0.229976
0.503000	0.003488
0.504000	0.139075
0.505000	0.187934
0.506000	0.166503
0.507000	0.092365
0.508000	-0.017576
0.509000	-0.147636
0.510000	-0.283562
0.511000	-0.413539
0.512000	-0.530171
0.513000	-0.630144
0.514000	-0.711911
0.515000	-0.768525
0.516000	-0.757040
0.517000	-0.614961
0.518000	-0.323744
0.519000	0.105094
0.520000	0.682618
0.521000	1.405641
0.522000	2.211497
0.523000	3.006939
0.524000	3.700880
0.525000	4.222093
0.526000	4.525116
0.527000	4.589347
0.528000	4.416289
0.529000	4.025399
0.530000	3.448355
0.531000	2.723320
0.532000	1.892150
0.533000	0.997397
0.534000	0.079463
0.535000	-0.823117
0.536000	-1.674868
0.537000	-2.446546
0.538000	-3.116156
0.539000	-3.668439
0.540000	-4.095066
0.541000	-4.394686
0.542000	-4.571337
0.543000	-4.632406
0.544000	-4.588825
0.545000	-4.454206
0.546000	-4.241953
0.547000	-3.963927
0.548000	-3.621962
0.549000	-3.175708
0.550000	-2.569406
0.551000	-1.802095
0.552000	-0.926841
0.553000	-0.015786
0.554000	0.860775
0.555000	1.643746
0.556000	2.290540
0.557000	2.776557
0.558000	3.092422
0.559000	3.241080
0.560000	3.236368
0.561000	3.100782
0.562000	2.861311
0.563000	2.545668
0.564000	2.179706
0.565000	1.785868
0.566000	1.382741
0.567000	0.986308
0.568000	0.612147
0.569000	0.273520
0.570000	-0.021878
0.571000	-0.270904
0.572000	-0.472411
0.573000	-0.626322
0.574000	-0.733894
0.575000	-0.797826
0.576000	-0.822002
0.577000	-0.811319
0.578000	-0.771201
0.579000	-0.706492
0.580000	-0.621493
0.581000	-0.520897
0.582000	-0.410362
0.583000	-0.297185
0.584000	-0.188086
0.585000	-0.086174
0.586000	0.007733
0.587000	0.094085
0.588000	0.174468
0.589000	0.249852
0.590000	0.321224
0.591000	0.398423
0.592000	0.532067
0.593000	0.788398
0.594000	1.179235
0.595000	1.661298
0.596000	2.170333
0.597000	2.642232
0.598000	3.023543
0.599000	3.277061
0.600000	3.382567
0.601000	3.333745
0.602000	3.135628
0.603000	2.803132
0.604000	2.359133
0.605000	1.831297
0.606000	1.248225
0.607000	0.637824
0.608000	0.026043
0.609000	-0.565179
0.610000	-1.118135
0.611000	-1.620035
0.612000	-2.062881
0.613000	-2.436832
0.614000	-2.698872
0.615000	-2.777529
0.616000	-2.640707
0.617000	-2.317546
0.618000	-1.867299
0.619000	-1.355362
0.620000	-0.842253
0.621000	-0.377726
0.622000	0.025262
0.623000	0.410406
0.624000	0.818121
0.625000	1.236658
0.626000	1.624570
0.627000	1.933400
0.628000	2.121324
0.629000	2.162127
0.630000	2.047228
0.631000	1.782514
0.632000	1.383700
0.633000	0.873669
0.634000	0.281267
0.635000	-0.361973
0.636000	-1.024464
0.637000	-1.661262
0.638000	-2.189015
0.639000	-2.530917
0.640000	-2.672014
0.641000	-2.643046
0.642000	-2.495103
0.643000	-2.282442
0.644000	-2.052547
0.645000	-1.842599
0.646000	-1.679036
0.647000	-1.577842
0.648000	-1.543392
0.649000	-1.569805
0.650000	-1.645843
0.651000	-1.756917
0.652000	-1.884599
0.653000	-2.010380
0.654000	-2.121484
0.655000	-2.211510
0.656000	-2.277373
0.657000	-2.316460
0.658000	-2.325622
0.659000	-2.300936
0.660000	-2.237487
0.661000	-2.130293
0.662000	-1.954768
0.663000	-1.630338
0.664000	-1.052529
0.665000	-0.188587
0.666000	0.893380
0.667000	2.071758
0.668000	3.217499
0.669000	4.220514
0.670000	5.000749
0.671000	5.509569
0.672000	5.727273
0.673000	5.659224
0.674000	5.331092
0.675000	4.782345
0.676000	4.060541
0.677000	3.217103
0.678000	2.318338
0.679000	1.466623
0.680000	0.753641
0.681000	0.207515
0.682000	-0.189485
0.683000	-0.475709
0.684000	-0.693347
0.685000	-0.877618
0.686000	-1.053124
0.687000	-1.234935
0.688000	-1.430205
0.689000	-1.639601
0.690000	-1.836845
0.691000	-1.915338
0.692000	-1.751052
0.693000	-1.321490
0.694000	-0.698285
0.695000	0.010103
0.696000	0.696792
0.697000	1.273387
0.698000	1.676841
0.699000	1.871557
0.700000	1.847977
0.701000	1.617934
0.702000	1.207532
0.703000	0.651813
0.704000	0.013782
0.705000	-0.602966
0.706000	-1.114032
0.707000	-1.497077
0.708000	-1.767075
0.709000	-1.952491
0.710000	-2.083976
0.711000	-2.188714
0.712000	-2.286538
0.713000	-2.388361
0.714000	-2.498407
0.715000	-2.616443
0.716000	-2.737819
0.717000	-2.854743
0.718000	-2.958526
0.719000	-3.039937
0.720000	-3.090048
0.721000	-3.103437
0.722000	-3.077672
0.723000	-3.005005
0.724000	-2.843197
0.725000	-2.530931
0.726000	-2.050496
0.727000	-1.435798
0.728000	-0.739244
0.729000	0.026312
0.730000	0.918979
0.731000	1.984641
0.732000	3.178636
0.733000	4.392653
0.734000	5.506064
0.735000	6.415102
0.736000	7.044575
0.737000	7.349824
0.738000	7.315842
0.739000	6.954579
0.740000	6.298938
0.741000	5.397078
0.742000	4.308685
0.743000	3.099497
0.744000	1.833800
0.745000	0.568870
0.746000	-0.646935
0.747000	-1.775372
0.748000	-2.788425
0.749000	-3.665205
0.750000	-4.388709
0.751000	-4.923308
0.752000	-5.209235
0.753000	-5.218821
0.754000	-4.965033
0.755000	-4.455743
0.756000	-3.712622
0.757000	-2.768978
0.758000	-1.658201
0.759000	-0.451630
0.760000	0.746011
0.761000	1.828480
0.762000	2.707730
0.763000	3.323195
0.764000	3.644324
0.765000	3.669200
0.766000	3.419231
0.767000	2.931976
0.768000	2.256578
0.769000	1.474186
0.770000	0.707523
0.771000	0.052555
0.772000	-0.465558
0.773000	-0.863421
0.774000	-1.161194
0.775000	-1.343692
0.776000	-1.389230
0.777000	-1.318412
0.778000	-1.182010
0.779000	-1.037041
0.780000	-0.931616
0.781000	-0.897865
0.782000	-0.952656
0.783000	-1.099871
0.784000	-1.330910
0.785000	-1.628186
0.786000	-1.970775
0.787000	-2.336020
0.788000	-2.699705
0.789000	-3.038859
0.790000	-3.334052
0.791000	-3.569916
0.792000	-3.734530
0.793000	-3.818645
0.794000	-3.814473
0.795000	-3.691329
0.796000	-3.371646
0.797000	-2.766792
0.798000	-1.857034
0.799000	-0.712954
0.800000	0.571544
0.801000	1.927748
0.802000	3.283373
0.803000	4.541550
0.804000	5.606158
0.805000	6.402104
0.806000	6.881769
0.807000	7.026402
0.808000	6.845447
0.809000	6.370667
0.810000	5.649180
0.811000	4.736022
0.812000	3.688240
0.813000	2.561956
0.814000	1.409838
0.815000	0.283625
0.816000	-0.740607
0.817000	-1.575401
0.818000	-2.178459
0.819000	-2.560149
0.820000	-2.758431
0.821000	-2.819801
0.822000	-2.787942
0.823000	-2.699804
0.824000	-2.585520
0.825000	-2.469169
0.826000	-2.368003
0.827000	-2.289151
0.828000	-2.230260
0.829000	-2.184902
0.830000	-2.136228
0.831000	-2.033899
0.832000	-1.822794
0.833000	-1.469095
0.834000	-0.909820
0.835000	-0.084814
0.836000	0.974143
0.837000	2.154258
0.838000	3.319467
0.839000	4.345722
0.840000	5.136745
0.841000	5.628479
0.842000	5.791151
0.843000	5.638962
0.844000	5.242633
0.845000	4.685421
0.846000	4.013414
0.847000	3.247947
0.848000	2.404500
0.849000	1.498799
0.850000	0.548402
0.851000	-0.426193
0.852000	-1.399440
0.853000	-2.341754
0.854000	-3.224460
0.855000	-4.023331
0.856000	-4.720189
0.857000	-5.303385
0.858000	-5.764979
0.859000	-6.098538
0.860000	-6.300812
0.861000	-6.373543
0.862000	-6.323629
0.863000	-6.155198
0.864000	-5.837663
0.865000	-5.322014
0.866000	-4.604989
0.867000	-3.734545
0.868000	-2.780091
0.869000	-1.812288
0.870000	-0.891160
0.871000	-0.057994
0.872000	0.691823
0.873000	1.395249
0.874000	2.063886
0.875000	2.682792
0.876000	3.269544
0.877000	3.867175
0.878000	4.473174
0.879000	5.035792
0.880000	5.490229
0.881000	5.780255
0.882000	5.868813
0.883000	5.740700
0.884000	5.401362
0.885000	4.896034
0.886000	4.306663
0.887000	3.695307
0.888000	3.082080
0.889000	2.467133
0.890000	1.843735
0.891000	1.204378
0.892000	0.547046
0.893000	-0.123234
0.894000	-0.796016
0.895000	-1.454485
0.896000	-2.073879
0.897000	-2.603963
0.898000	-2.982742
0.899000	-3.184916
0.900000	-3.215236
0.901000	-3.058020
0.902000	-2.700439
0.903000	-2.182780
0.904000	-1.580042
0.905000	-0.971464
0.906000	-0.408876
0.907000	0.104481
0.908000	0.572412
0.909000	0.969185
0.910000	1.259599
0.911000	1.435510
0.912000	1.530583
0.913000	1.573344
0.914000	1.557396
0.915000	1.461519
0.916000	1.266601
0.917000	0.964672
0.918000	0.559612
0.919000	0.065500
0.920000	-0.495436
0.921000	-1.096721
0.922000	-1.711720
0.923000	-2.315199
0.924000	-2.882914
0.925000	-3.393279
0.926000	-3.828953
0.927000	-4.177865
0.928000	-4.434068
0.929000	-4.596108
0.930000	-4.665218
0.931000	-4.645163
0.932000	-4.540814
0.933000	-4.355222
0.934000	-4.089551
0.935000	-3.746328
0.936000	-3.332807
0.937000	-2.849569
0.938000	-2.235499
0.939000	-1.383622
0.940000	-0.259918
0.941000	1.063074
0.942000	2.461865
0.943000	3.817487
0.944000	5.060742
0.945000	6.152681
0.946000	7.044230
0.947000	7.683470
0.948000	8.031870
0.949000	8.072805
0.950000	7.810784
0.951000	7.267445
0.952000	6.479078
0.953000	5.491889
0.954000	4.357812
0.955000	3.132630
0.956000	1.871542
0.957000	0.622848
0.958000	-0.574336
0.959000	-1.687502
0.960000	-2.689051
0.961000	-3.557109
0.962000	-4.277556
0.963000	-4.844801
0.964000	-5.257831
0.965000	-5.517500
0.966000	-5.628030
0.967000	-5.598281
0.968000	-5.440337
0.969000	-5.158063
0.970000	-4.710956
0.971000	-4.032955
0.972000	-3.114896
0.973000	-2.016218
0.974000	-0.797657
0.975000	0.506614
0.976000	1.842470
0.977000	3.119964
0.978000	4.244984
0.979000	5.141391
0.980000	5.760182
0.981000	6.078577
0.982000	6.103813
0.983000	5.924419
0.984000	5.694626
0.985000	5.506972
0.986000	5.353760
0.987000	5.181399
0.988000	4.927842
0.989000	4.541004
0.990000	3.988085
0.991000	3.259238
0.992000	2.367119
0.993000	1.339965
0.994000	0.215513
0.995000	-0.962083
0.996000	-2.148616
0.997000	-3.302593
0.998000	-4.384440
0.999000	-5.358168
1.000000	-6.194574
1.001000	-6.872792
1.002000	-7.379132
1.003000	-7.707790
1.004000	-7.861059
1.005000	-7.846725
1.006000	-7.675003
1.007000	-7.338532
1.008000	-6.805948
1.009000	-6.070516
1.010000	-5.173422
1.011000	-4.178062
1.012000	-3.150311
1.013000	-2.131537
1.014000	-1.122676
1.015000	-0.099589
1.016000	0.966743
1.017000	2.069502
1.018000	3.150973
1.019000	4.135019
1.020000	4.950232
1.021000	5.542514
1.022000	5.879906
1.023000	5.954135
1.024000	5.779814
1.025000	5.387352
1.026000	4.814971
1.027000	4.104962
1.028000	3.301341
1.029000	2.447050
1.030000	1.581576
1.031000	0.739019
1.032000	-0.052261
1.033000	-0.768890
1.034000	-1.392100
1.035000	-1.909276
1.036000	-2.316013
1.037000	-2.603846
1.038000	-2.742628
1.039000	-2.707844
1.040000	-2.509500
1.041000	-2.180672
1.042000	-1.764813
1.043000	-1.301195
1.044000	-0.797096
1.045000	-0.244532
1.046000	0.352905
1.047000	1.004636
1.048000	1.709896
1.049000	2.424763
1.050000	3.083467
1.051000	3.625089
1.052000	4.044758
1.053000	4.415736
1.054000	4.800928
1.055000	5.184990
1.056000	5.505095
1.057000	5.691075
1.058000	5.685320
1.059000	5.452496
1.060000	4.981094
1.061000	4.279230
1.062000	3.370417
1.063000	2.291331
1.064000	1.089934
1.065000	-0.179757
1.066000	-1.464194
1.067000	-2.713831
1.068000	-3.885742
1.069000	-4.946009
1.070000	-5.870443
1.071000	-6.643285
1.072000	-7.254418
1.073000	-7.697291
1.074000	-7.968085
1.075000	-8.066443
1.076000	-7.997682
1.077000	-7.772253
1.078000	-7.386519
1.079000	-6.818342
1.080000	-6.064852
1.081000	-5.138186
1.082000	-4.044653
1.083000	-2.817950
1.084000	-1.529791
1.085000	-0.249210
1.086000	1.000530
1.087000	2.210613
1.088000	3.337763
1.089000	4.318755
1.090000	5.095588
1.091000	5.629810
1.092000	5.905151
1.093000	5.923561
1.094000	5.700876
1.095000	5.262890
1.096000	4.643132
1.097000	3.883238
1.098000	3.031634
1.099000	2.136606
1.100000	1.238697
1.101000	0.368163
1.102000	-0.451828
1.103000	-1.202139
1.104000	-1.865942
1.105000	-2.427072
1.106000	-2.861810
1.107000	-3.130222
1.108000	-3.205533
1.109000	-3.098482
1.110000	-2.838689
1.111000	-2.440139
1.112000	-1.905563
1.113000	-1.265791
1.114000	-0.574779
1.115000	0.140490
1.116000	0.880118
1.117000	1.620405
1.118000	2.310412
1.119000	2.898054
1.120000	3.341447
1.121000	3.612487
1.122000	3.702901
1.123000	3.642558
1.124000	3.491172
1.125000	3.289739
1.126000	3.044737
1.127000	2.746758
1.128000	2.384185
1.129000	1.952122
1.130000	1.454923
1.131000	0.904244
1.132000	0.317540
1.133000	-0.284143
1.134000	-0.878831
1.135000	-1.445990
1.136000	-1.967423
1.137000	-2.428883
1.138000	-2.822577
1.139000	-3.145396
1.140000	-3.394893
1.141000	-3.568649
1.142000	-3.665341
1.143000	-3.684603
1.144000	-3.628175
1.145000	-3.501306
1.146000	-3.312607
1.147000	-3.074177
1.148000	-2.796317
1.149000	-2.465520
1.150000	-2.044231
1.151000	-1.502851
1.152000	-0.815744
1.153000	0.025642
1.154000	0.998982
1.155000	2.060939
1.156000	3.137267
1.157000	4.136474
1.158000	4.973824
1.159000	5.585391
1.160000	5.934670
1.161000	6.012173
1.162000	5.829599
1.163000	5.412831
1.164000	4.796202
1.165000	4.018033
1.166000	3.118869
1.167000	2.142022
1.168000	1.131494
1.169000	0.127637
1.170000	-0.834107
1.171000	-1.723954
1.172000	-2.519474
1.173000	-3.204174
1.174000	-3.767461
1.175000	-4.206268
1.176000	-4.523980
1.177000	-4.727100
1.178000	-4.822383
1.179000	-4.815061
1.180000	-4.700805
1.181000	-4.452811
1.182000	-4.042854
1.183000	-3.454525
1.184000	-2.687547
1.185000	-1.781825
1.186000	-0.806507
1.187000	0.187081
1.188000	1.180106
1.189000	2.169765
1.190000	3.162895
1.191000	4.136797
1.192000	5.023720
1.193000	5.744697
1.194000	6.232519
1.195000	6.443380
1.196000	6.360504
1.197000	5.992427
1.198000	5.368769
1.199000	4.532485
1.200000	3.532085
1.201000	2.417873
1.202000	1.239871
1.203000	0.045834
1.204000	-1.119664
1.205000	-2.216368
1.206000	-3.209480
1.207000	-4.069557
1.208000	-4.775013
1.209000	-5.316325
1.210000	-5.696071
1.211000	-5.924598
1.212000	-6.013909
1.213000	-5.974948
1.214000	-5.816887
1.215000	-5.532454
1.216000	-5.102442
1.217000	-4.530826
1.218000	-3.848735
1.219000	-3.077067
1.220000	-2.222300
1.221000	-1.309139
1.222000	-0.365125
1.223000	0.606638
1.224000	1.593888
1.225000	2.550751
1.226000	3.416983
1.227000	4.135287
1.228000	4.660295
1.229000	4.964825
1.230000	5.041984
1.231000	4.902467
1.232000	4.571273
1.233000	4.083226
1.234000	3.477538
1.235000	2.791903
1.236000	2.059560
1.237000	1.309110
1.238000	0.564906
1.239000	-0.151703
1.240000	-0.820929
1.241000	-1.425832
1.242000	-1.952573
1.243000	-2.389042
1.244000	-2.727875
1.245000	-2.968884
1.246000	-3.116396
1.247000	-3.176058
1.248000	-3.154993
1.249000	-3.062026
1.250000	-2.906001
1.251000	-2.693916
1.252000	-2.431287
1.253000	-2.125250
1.254000	-1.787098
1.255000	-1.430923
1.256000	-1.069632
1.257000	-0.702069
1.258000	-0.280655
1.259000	0.276705
1.260000	1.005628
1.261000	1.863533
1.262000	2.768400
1.263000	3.631252
1.264000	4.373879
1.265000	4.938353
1.266000	5.288284
1.267000	5.409026
1.268000	5.306652
1.269000	5.003357
1.270000	4.530073
1.271000	3.919784
1.272000	3.205084
1.273000	2.418138
1.274000	1.592648
1.275000	0.764671
1.276000	-0.031924
1.277000	-0.769729
1.278000	-1.428025
1.279000	-1.993979
1.280000	-2.463783
1.281000	-2.838032
1.282000	-3.117707
1.283000	-3.305383
1.284000	-3.406436
1.285000	-3.428574
1.286000	-3.377065
1.287000	-3.236253
1.288000	-2.975707
1.289000	-2.572231
1.290000	-2.023525
1.291000	-1.362988
1.292000	-0.645415
1.293000	0.097141
1.294000	0.857079
1.295000	1.607065
1.296000	2.295664
1.297000	2.870512
1.298000	3.289224
1.299000	3.524176
1.300000	3.564544
1.301000	3.413397
1.302000	3.085803
1.303000	2.607809
1.304000	2.012880
1.305000	1.338710
1.306000	0.623401
1.307000	-0.097917
1.308000	-0.793132
1.309000	-1.433481
1.310000	-1.997708
1.311000	-2.473770
1.312000	-2.856398
1.313000	-3.145022
1.314000	-3.342370
1.315000	-3.454971
1.316000	-3.492793
1.317000	-3.466356
1.318000	-3.384828
1.319000	-3.254601
1.320000	-3.077879
1.321000	-2.853941
1.322000	-2.583695
1.323000	-2.263164
1.324000	-1.869306
1.325000	-1.383933
1.326000	-0.816946
1.327000	-0.177260
1.328000	0.530993
1.329000	1.278624
1.330000	2.013212
1.331000	2.696689
1.332000	3.330915
1.333000	3.919160
1.334000	4.433718
1.335000	4.832858
1.336000	5.077524
1.337000	5.140976
1.338000	5.014153
1.339000	4.703477
1.340000	4.225836
1.341000	3.606193
1.342000	2.874519
1.343000	2.062603
1.344000	1.204039
1.345000	0.332799
1.346000	-0.520872
1.347000	-1.331494
1.348000	-2.077241
1.349000	-2.738697
1.350000	-3.299476
1.351000	-3.748887
1.352000	-4.081679
1.353000	-4.296404
1.354000	-4.396944
1.355000	-4.392568
1.356000	-4.294187
1.357000	-4.113357
1.358000	-3.863795
1.359000	-3.554726
1.360000	-3.170963
1.361000	-2.673705
1.362000	-2.036080
1.363000	-1.275068
1.364000	-0.445083
1.365000	0.399068
1.366000	1.241816
1.367000	2.083419
1.368000	2.893177
1.369000	3.617443
1.370000	4.200210
1.371000	4.594860
1.372000	4.771913
1.373000	4.724432
1.374000	4.464800
1.375000	4.017534
1.376000	3.415701
1.377000	2.697299
1.378000	1.901490
1.379000	1.067154
1.380000	0.231029
1.381000	-0.573879
1.382000	-1.318736
1.383000	-1.981353
1.384000	-2.548183
1.385000	-3.011836
1.386000	-3.369042
1.387000	-3.620167
1.388000	-3.767646
1.389000	-3.816391
1.390000	-3.774579
1.391000	-3.652037
1.392000	-3.459508
1.393000	-3.208620
1.394000	-2.912797
1.395000	-2.586334
1.396000	-2.239296
1.397000	-1.877558
1.398000	-1.507256
1.399000	-1.137003
1.400000	-0.776701
1.401000	-0.425848
1.402000	-0.051930
1.403000	0.383313
1.404000	0.879914
1.405000	1.406386
1.406000	1.920913
1.407000	2.383601
1.408000	2.764028
1.409000	3.042745
1.410000	3.208967
1.411000	3.262809
1.412000	3.214904
1.413000	3.081211
1.414000	2.879680
1.415000	2.627508
1.416000	2.340335
1.417000	2.033296
1.418000	1.719694
1.419000	1.409475
1.420000	1.109761
1.421000	0.826976
1.422000	0.567392
1.423000	0.335929
1.424000	0.136456
1.425000	-0.028021
1.426000	-0.151620
1.427000	-0.212030
1.428000	-0.187788
1.429000	-0.087074
1.430000	0.062153
1.431000	0.230403
1.432000	0.393132
1.433000	0.530102
1.434000	0.625169
1.435000	0.667398
1.436000	0.651700
1.437000	0.582094
1.438000	0.490961
1.439000	0.428109
1.440000	0.415104
1.441000	0.439616
1.442000	0.477343
1.443000	0.504065
1.444000	0.498184
1.445000	0.444080
1.446000	0.336420
1.447000	0.177126
1.448000	-0.029223
1.449000	-0.277011
1.450000	-0.558618
1.451000	-0.862348
1.452000	-1.173842
1.453000	-1.479345
1.454000	-1.766668
1.455000	-2.025528
1.456000	-2.247239
1.457000	-2.423203
1.458000	-2.545969
1.459000	-2.612625
1.460000	-2.625465
1.461000	-2.587449
1.462000	-2.500949
1.463000	-2.367950
1.464000	-2.173988
1.465000	-1.892529
1.466000	-1.520448
1.467000	-1.082769
1.468000	-0.614630
1.469000	-0.151469
1.470000	0.277886
1.471000	0.653060
1.472000	0.959899
1.473000	1.188957
1.474000	1.335004
1.475000	1.402072
1.476000	1.427123
1.477000	1.472187
1.478000	1.569767
1.479000	1.708455
1.480000	1.857881
1.481000	1.984709
1.482000	2.059533
1.483000	2.061403
1.484000	1.981187
1.485000	1.819986
1.486000	1.585702
1.487000	1.290481
1.488000	0.949267
1.489000	0.579556
1.490000	0.200633
1.491000	-0.168774
1.492000	-0.513528
1.493000	-0.822911
1.494000	-1.090588
1.495000	-1.311927
1.496000	-1.463614
1.497000	-1.506142
1.498000	-1.423311
1.499000	-1.232547
1.500000	-0.969062
1.501000	-0.672848
1.502000	-0.378753
1.503000	-0.112337
1.504000	0.108706
1.505000	0.271406
1.506000	0.368777
1.507000	0.401444
1.508000	0.375288
1.509000	0.298619
1.510000	0.182524
1.511000	0.067256
1.512000	0.018990
1.513000	0.071102
1.514000	0.209103
1.515000	0.397387
1.516000	0.596028
1.517000	0.768280
1.518000	0.885684
1.519000	0.932338
1.520000	0.904885
1.521000	0.809658
1.522000	0.657254
1.523000	0.456942
1.524000	0.215601
1.525000	-0.059497
1.526000	-0.357060
1.527000	-0.662767
1.528000	-0.962906
1.529000	-1.245116
1.530000	-1.498941
1.531000	-1.716432
1.532000	-1.891681
1.533000	-2.020129
1.534000	-2.096355
1.535000	-2.096042
1.536000	-1.981303
1.537000	-1.742317
1.538000	-1.405690
1.539000	-1.012846
1.540000	-0.607183
1.541000	-0.227521
1.542000	0.097661
1.543000	0.353826
1.544000	0.538872
1.545000	0.658006
1.546000	0.718196
1.547000	0.726291
1.548000	0.692410
1.549000	0.629593
1.550000	0.549063
1.551000	0.458123
1.552000	0.362398
1.553000	0.266364
1.554000	0.172135
1.555000	0.080940
1.556000	-0.006245
1.557000	-0.088438
1.558000	-0.162636
1.559000	-0.224460
1.560000	-0.272481
1.561000	-0.309764
1.562000	-0.339417
1.563000	-0.361405
1.564000	-0.374650
1.565000	-0.376814
1.566000	-0.361503
1.567000	-0.320004
1.568000	-0.247326
1.569000	-0.146172
1.570000	-0.024105
1.571000	0.112637
1.572000	0.260044
1.573000	0.413798
1.574000	0.580564
1.575000	0.791736
1.576000	1.070684
1.577000	1.404121
1.578000	1.758701
1.579000	2.096151
1.580000	2.381418
1.581000	2.587228
1.582000	2.695192
1.583000	2.694834
1.584000	2.582477
1.585000	2.363297
1.586000	2.052869
1.587000	1.672206
1.588000	1.243044
1.589000	0.787039
1.590000	0.324060
1.591000	-0.127057
1.592000	-0.547902
1.593000	-0.924509
1.594000	-1.247773
1.595000	-1.511454
1.596000	-1.713198
1.597000	-1.855659
1.598000	-1.944807
1.599000	-1.988508
1.600000	-1.996200
1.601000	-1.974081
1.602000	-1.922018
1.603000	-1.838264
1.604000	-1.725609
1.605000	-1.591257
1.606000	-1.442721
1.607000	-1.286739
1.608000	-1.129084
1.609000	-0.970324
1.610000	-0.786585
1.611000	-0.533587
1.612000	-0.190456
1.613000	0.226425
1.614000	0.682506
1.615000	1.137798
1.616000	1.553549
1.617000	1.899500
1.618000	2.156476
1.619000	2.312190
1.620000	2.359536
1.621000	2.299061
1.622000	2.140076
1.623000	1.895828
1.624000	1.581422
1.625000	1.215101
1.626000	0.815823
1.627000	0.401532
1.628000	-0.009981
1.629000	-0.400548
1.630000	-0.752636
1.631000	-1.051967
1.632000	-1.291138
1.633000	-1.470801
1.634000	-1.595777
1.635000	-1.670836
1.636000	-1.702796
1.637000	-1.701161
1.638000	-1.674247
1.639000	-1.628540
1.640000	-1.569536
1.641000	-1.500825
1.642000	-1.416922
1.643000	-1.285289
1.644000	-1.064979
1.645000	-0.747175
1.646000	-0.355351
1.647000	0.072361
1.648000	0.494999
1.649000	0.876027
1.650000	1.187428
1.651000	1.410399
1.652000	1.537386
1.653000	1.573136
1.654000	1.529591
1.655000	1.422373
1.656000	1.268504
1.657000	1.085066
1.658000	0.888187
1.659000	0.691308
1.660000	0.505792
1.661000	0.339748
1.662000	0.197414
1.663000	0.081250
1.664000	-0.008047
1.665000	-0.073145
1.666000	-0.119689
1.667000	-0.156800
1.668000	-0.194396
1.669000	-0.238537
1.670000	-0.291191
1.671000	-0.350060
1.672000	-0.410211
1.673000	-0.467896
1.674000	-0.521649
1.675000	-0.570774
1.676000	-0.609152
1.677000	-0.606921
1.678000	-0.524946
1.679000	-0.352467
1.680000	-0.107801
1.681000	0.176417
1.682000	0.463324
1.683000	0.718793
1.684000	0.915759
1.685000	1.037646
1.686000	1.078532
1.687000	1.041275
1.688000	0.934993
1.689000	0.773058
1.690000	0.570249
1.691000	0.338774
1.692000	0.088594
1.693000	-0.169901
1.694000	-0.427533
1.695000	-0.677223
1.696000	-0.910999
1.697000	-1.120687
1.698000	-1.300046
1.699000	-1.444773
1.700000	-1.550988
1.701000	-1.614683
1.702000	-1.634510
1.703000	-1.613822
1.704000	-1.558980
1.705000	-1.475139
1.706000	-1.365245
1.707000	-1.232771
1.708000	-1.081893
1.709000	-0.916637
1.710000	-0.742521
1.711000	-0.567380
1.712000	-0.397746
1.713000	-0.234588
1.714000	-0.075376
1.715000	0.080957
1.716000	0.232213
1.717000	0.373459
1.718000	0.499384
1.719000	0.608904
1.720000	0.726552
1.721000	0.897001
1.722000	1.140639
1.723000	1.442056
1.724000	1.766898
1.725000	2.076636
1.726000	2.337148
1.727000	2.521926
1.728000	2.613920
1.729000	2.605327
1.730000	2.497577
1.731000	2.302277
1.732000	2.038362
1.733000	1.725402
1.734000	1.380603
1.735000	1.019051
1.736000	0.653475
1.737000	0.295123
1.738000	-0.045842
1.739000	-0.362418
1.740000	-0.649671
1.741000	-0.902835
1.742000	-1.119669
1.743000	-1.300230
1.744000	-1.443325
1.745000	-1.546390
1.746000	-1.608762
1.747000	-1.632374
1.748000	-1.620010
1.749000	-1.572934
1.750000	-1.491545
1.751000	-1.380179
1.752000	-1.247142
1.753000	-1.100693
1.754000	-0.948981
1.755000	-0.802398
1.756000	-0.671570
1.757000	-0.562289
1.758000	-0.474730
1.759000	-0.406463
1.760000	-0.354236
1.761000	-0.314147
1.762000	-0.279287
1.763000	-0.241076
1.764000	-0.193871
1.765000	-0.135710
1.766000	-0.068099
1.767000	0.006434
1.768000	0.086510
1.769000	0.171151
1.770000	0.259439
1.771000	0.348522
1.772000	0.432946
1.773000	0.506948
1.774000	0.563342
1.775000	0.594359
1.776000	0.595862
1.777000	0.567332
1.778000	0.510975
1.779000	0.432183
1.780000	0.336981
1.781000	0.230241
1.782000	0.117135
1.783000	0.004545
1.784000	-0.098864
1.785000	-0.184211
1.786000	-0.243612
1.787000	-0.273472
1.788000	-0.275898
1.789000	-0.254751
1.790000	-0.214581
1.791000	-0.161688
1.792000	-0.103865
1.793000	-0.048066
1.794000	0.001844
1.795000	0.043340
1.796000	0.073524
1.797000	0.091086
1.798000	0.097461
1.799000	0.095996
1.800000	0.091735
1.801000	0.091234
1.802000	0.100342
1.803000	0.121708
1.804000	0.154574
1.805000	0.196961
1.806000	0.247610
1.807000	0.304090
1.808000	0.361524
1.809000	0.415875
1.810000	0.465104
1.811000	0.506197
1.812000	0.535286
1.813000	0.549784
1.814000	0.547268
1.815000	0.525495
1.816000	0.483474
1.817000	0.422186
1.818000	0.346338
1.819000	0.260915
1.820000	0.168047
1.821000	0.071043
1.822000	-0.023064
1.823000	-0.107625
1.824000	-0.178722
1.825000	-0.232623
1.826000	-0.266106
1.827000	-0.279580
1.828000	-0.277230
1.829000	-0.264168
1.830000	-0.244537
1.831000	-0.222686
1.832000	-0.202794
1.833000	-0.187207
1.834000	-0.177096
1.835000	-0.171653
1.836000	-0.168153
1.837000	-0.164072
1.838000	-0.157363
1.839000	-0.146664
1.840000	-0.131853
1.841000	-0.113420
1.842000	-0.091266
1.843000	-0.064521
1.844000	-0.034181
1.845000	-0.004063
1.846000	0.022623
1.847000	0.045248
1.848000	0.065059
1.849000	0.083237
1.850000	0.100642
1.851000	0.118750
1.852000	0.137577
1.853000	0.153718
1.854000	0.161788
1.855000	0.157024
1.856000	0.138054
1.857000	0.108073
1.858000	0.074329
1.859000	0.046896
1.860000	0.034578
1.861000	0.041109
1.862000	0.065770
1.863000	0.106632
1.864000	0.161626
1.865000	0.227300
1.866000	0.298458
1.867000	0.367962
1.868000	0.427392
1.869000	0.469197
1.870000	0.489095
1.871000	0.485885
1.872000	0.460673
1.873000	0.416535
1.874000	0.356311
1.875000	0.283195
1.876000	0.200840
1.877000	0.112361
1.878000	0.021129
1.879000	-0.070840
1.880000	-0.162509
1.881000	-0.250657
1.882000	-0.330811
1.883000	-0.399421
1.884000	-0.454320
1.885000	-0.494554
1.886000	-0.518247
1.887000	-0.523283
1.888000	-0.510092
1.889000	-0.481322
1.890000	-0.441161
1.891000	-0.394910
1.892000	-0.347772
1.893000	-0.302761
1.894000	-0.258961
1.895000	-0.213532
1.896000	-0.164585
1.897000	-0.112452
1.898000	-0.060058
1.899000	-0.011023
1.900000	0.031280
1.901000	0.063713
1.902000	0.083394
1.903000	0.087102
1.904000	0.072418
1.905000	0.039881
1.906000	-0.006742
1.907000	-0.061903
1.908000	-0.120270
1.909000	-0.176867
1.910000	-0.226885
1.911000	-0.268266
1.912000	-0.301824
1.913000	-0.329153
1.914000	-0.352208
1.915000	-0.373224
1.916000	-0.393654
1.917000	-0.414262
1.918000	-0.434781
1.919000	-0.452190
1.920000	-0.461974
1.921000	-0.459688
1.922000	-0.440517
1.923000	-0.401288
1.924000	-0.344589
1.925000	-0.278000
1.926000	-0.207674
1.927000	-0.135188
1.928000	-0.061363
1.929000	0.010545
1.930000	0.076912
1.931000	0.136361
1.932000	0.188679
1.933000	0.232476
1.934000	0.268024
1.935000	0.300243
1.936000	0.333432
1.937000	0.366559
1.938000	0.395165
1.939000	0.415058
1.940000	0.424138
1.941000	0.421884
1.942000	0.408654
1.943000	0.386179
1.944000	0.357579
1.945000	0.326549
1.946000	0.296490
1.947000	0.269170
1.948000	0.244610
1.949000	0.222585
1.950000	0.204253
1.951000	0.190670
1.952000	0.179408
1.953000	0.166812
1.954000	0.152510
1.955000	0.139063
1.956000	0.128404
1.957000	0.120070
1.958000	0.112640
1.959000	0.103863
1.960000	0.091465
1.961000	0.074774
1.962000	0.053698
1.963000	0.027592
1.964000	-0.004747
1.965000	-0.043571
1.966000	-0.085786
1.967000	-0.125815
1.968000	-0.159333
1.969000	-0.184383
1.970000	-0.200780
1.971000	-0.210419
1.972000	-0.217006
1.973000	-0.224158
1.974000	-0.233055
1.975000	-0.241462
1.976000	-0.246160
1.977000	-0.245053
1.978000	-0.235465
1.979000	-0.212675
1.980000	-0.173307
1.981000	-0.120924
1.982000	-0.064816
1.983000	-0.014259
1.984000	0.025958
1.985000	0.054865
1.986000	0.073312
1.987000	0.083473
1.988000	0.087874
1.989000	0.089360
1.990000	0.089989
1.991000	0.090188
1.992000	0.088858
1.993000	0.084963
1.994000	0.077987
1.995000	0.066503
1.996000	0.048536
1.997000	0.022565
1.998000	-0.012156
1.999000	-0.054116
2.000000	-0.099758
2.001000	-0.143612
2.002000	-0.176679
2.003000	-0.190896
2.004000	-0.184194
2.005000	-0.159380
2.006000	-0.119620
2.007000	-0.065822
2.008000	0.001333
2.009000	0.080075
2.010000	0.166951
2.011000	0.257076
2.012000	0.345572
2.013000	0.428490
2.014000	0.502457
2.015000	0.563681
2.016000	0.607749
2.017000	0.629840
2.018000	0.627112
2.019000	0.600631
2.020000	0.554801
2.021000	0.494797
2.022000	0.424466
2.023000	0.345570
2.024000	0.256935
2.025000	0.158930
2.026000	0.058265
2.027000	-0.035347
2.028000	-0.114880
2.029000	-0.178975
2.030000	-0.230051
2.031000	-0.270596
2.032000	-0.303026
2.033000	-0.329587
2.034000	-0.350656
2.035000	-0.365732
2.036000	-0.374196
2.037000	-0.374177
2.038000	-0.365823
2.039000	-0.353990
2.040000	-0.344499
2.041000	-0.341872
2.042000	-0.347976
2.043000	-0.359235
2.044000	-0.368569
2.045000	-0.370333
2.046000	-0.362552
2.047000	-0.345100
2.048000	-0.317120
2.049000	-0.277577
2.050000	-0.227242
2.051000	-0.170019
2.052000	-0.111014
2.053000	-0.051061
2.054000	0.012077
2.055000	0.076920
2.056000	0.136978
2.057000	0.184618
2.058000	0.214066
2.059000	0.223300
2.060000	0.214420
2.061000	0.191899
2.062000	0.160749
2.063000	0.125709
2.064000	0.090832
2.065000	0.058837
2.066000	0.031317
2.067000	0.008671
2.068000	-0.010082
2.069000	-0.027478
2.070000	-0.045986
2.071000	-0.065471
2.072000	-0.083688
2.073000	-0.097291
2.074000	-0.104205
2.075000	-0.104615
2.076000	-0.099490
2.077000	-0.091141
2.078000	-0.082025
2.079000	-0.074954
2.080000	-0.073092
2.081000	-0.075073
2.082000	-0.075961
2.083000	-0.072811
2.084000	-0.065445
2.085000	-0.055138
2.086000	-0.043290
2.087000	-0.030376
2.088000	-0.017129
2.089000	-0.004154
2.090000	0.010575
2.091000	0.029881
2.092000	0.054295
2.093000	0.083537
2.094000	0.116708
2.095000	0.151884
2.096000	0.189162
2.097000	0.230951
2.098000	0.278143
2.099000	0.328854
2.100000	0.380188
2.101000	0.405625
