0.000000	0.000000
0.001000	-0.000001
0.002000	-0.000001
0.003000	-0.000003
0.004000	-0.000005
0.005000	-0.000008
0.006000	-0.000013
0.007000	-0.000022
0.008000	-0.000036
0.009000	-0.000059
0.010000	-0.000097
0.011000	-0.000156
0.012000	-0.000250
0.013000	-0.000397
0.014000	-0.000628
0.015000	-0.000985
0.016000	-0.001536
0.017000	-0.002379
0.018000	-0.003657
0.019000	-0.005581
0.020000	-0.008450
0.021000	-0.012681
0.022000	-0.018847
0.023000	-0.027702
0.024000	-0.040189
0.025000	-0.057388
0.026000	-0.080323
0.027000	-0.109496
0.028000	-0.143878
0.029000	-0.178970
0.030000	-0.203432
0.031000	-0.194026
0.032000	-0.110111
0.033000	0.107038
0.034000	0.517800
0.035000	1.135933
0.036000	1.857185
0.037000	2.433313
0.038000	2.582791
0.039000	2.198733
0.040000	1.443908
0.041000	0.616917
0.042000	-0.054164
0.043000	-0.495034
0.044000	-0.739761
0.045000	-0.856675
0.046000	-0.904798
0.047000	-0.922134
0.048000	-0.929199
0.049000	-0.935809
0.050000	-0.946618
0.051000	-0.964592
0.052000	-0.991899
0.053000	-1.028089
0.054000	-1.066927
0.055000	-1.093242
0.056000	-1.079497
0.057000	-0.981646
0.058000	-0.738411
0.059000	-0.287393
0.060000	0.385060
0.061000	1.169510
0.062000	1.807232
0.063000	2.006417
0.064000	1.657078
0.065000	0.926774
0.066000	0.121286
0.067000	-0.526280
0.068000	-0.939335
0.069000	-1.151609
0.070000	-1.232537
0.071000	-1.242968
0.072000	-1.222310
0.073000	-1.191201
0.074000	-1.156938
0.075000	-1.114800
0.076000	-1.044133
0.077000	-0.902827
0.078000	-0.627382
0.079000	-0.150498
0.080000	0.549771
0.081000	1.375901
0.082000	2.077488
0.083000	2.355188
0.084000	2.075424
0.085000	1.384634
0.086000	0.586045
0.087000	-0.075266
0.088000	-0.509515
0.089000	-0.742070
0.090000	-0.837137
0.091000	-0.851736
0.092000	-0.824214
0.093000	-0.778784
0.094000	-0.731832
0.095000	-0.695323
0.096000	-0.677527
0.097000	-0.682017
0.098000	-0.705302
0.099000	-0.732600
0.100000	-0.731176
0.101000	-0.642540
0.102000	-0.378737
0.103000	0.165058
0.104000	1.062388
0.105000	2.267248
0.106000	3.538380
0.107000	4.476930
0.108000	4.711438
0.109000	4.116808
0.110000	2.899436
0.111000	1.473600
0.112000	0.221936
0.113000	-0.667693
0.114000	-1.196933
0.115000	-1.459964
0.116000	-1.560761
0.117000	-1.577886
0.118000	-1.560495
0.119000	-1.535196
0.120000	-1.513835
0.121000	-1.499557
0.122000	-1.490719
0.123000	-1.481550
0.124000	-1.457783
0.125000	-1.388077
0.126000	-1.217304
0.127000	-0.872668
0.128000	-0.297437
0.129000	0.479244
0.130000	1.271627
0.131000	1.766630
0.132000	1.713451
0.133000	1.129451
0.134000	0.289375
0.135000	-0.490665
0.136000	-1.035143
0.137000	-1.326747
0.138000	-1.430154
0.139000	-1.422429
0.140000	-1.361762
0.141000	-1.282565
0.142000	-1.200589
0.143000	-1.120176
0.144000	-1.041149
0.145000	-0.963144
0.146000	-0.886623
0.147000	-0.813070
0.148000	-0.745309
0.149000	-0.685266
0.150000	-0.629721
0.151000	-0.568098
0.152000	-0.481614
0.153000	-0.338803
0.154000	-0.088269
0.155000	0.338613
0.156000	0.995274
0.157000	1.848431
0.158000	2.705834
0.159000	3.246765
0.160000	3.215164
0.161000	2.628289
0.162000	1.765582
0.163000	0.949115
0.164000	0.356886
0.165000	0.003269
0.166000	-0.180907
0.167000	-0.271463
0.168000	-0.314102
0.169000	-0.317313
0.170000	-0.255960
0.171000	-0.077478
0.172000	0.281668
0.173000	0.852438
0.174000	1.561682
0.175000	2.187241
0.176000	2.437861
0.177000	2.162915
0.178000	1.504088
0.179000	0.813120
0.180000	0.425718
0.181000	0.498899
0.182000	0.962484
0.183000	1.535103
0.184000	1.831482
0.185000	1.587806
0.186000	0.846714
0.187000	-0.101980
0.188000	-0.957697
0.189000	-1.572337
0.190000	-1.945451
0.191000	-2.144006
0.192000	-2.239371
0.193000	-2.281637
0.194000	-2.298567
0.195000	-2.304251
0.196000	-2.306210
0.197000	-2.305358
0.198000	-2.289016
0.199000	-2.221663
0.200000	-2.040960
0.201000	-1.667743
0.202000	-1.040926
0.203000	-0.185267
0.204000	0.716605
0.205000	1.343035
0.206000	1.415109
0.207000	0.916953
0.208000	0.111576
0.209000	-0.669123
0.210000	-1.225248
0.211000	-1.525468
0.212000	-1.634306
0.213000	-1.633615
0.214000	-1.580699
0.215000	-1.500126
0.216000	-1.390405
0.217000	-1.227141
0.218000	-0.960752
0.219000	-0.525558
0.220000	0.121397
0.221000	0.938022
0.222000	1.769437
0.223000	2.437012
0.224000	2.911250
0.225000	3.359461
0.226000	3.944950
0.227000	4.584413
0.228000	4.951604
0.229000	4.719219
0.230000	3.801702
0.231000	2.421458
0.232000	0.971625
0.233000	-0.213410
0.234000	-0.998364
0.235000	-1.425274
0.236000	-1.611646
0.237000	-1.667901
0.238000	-1.664648
0.239000	-1.635512
0.240000	-1.593925
0.241000	-1.547739
0.242000	-1.504463
0.243000	-1.469400
0.244000	-1.443287
0.245000	-1.423344
0.246000	-1.406087
0.247000	-1.389116
0.248000	-1.372030
0.249000	-1.356666
0.250000	-1.345255
0.251000	-1.336772
0.252000	-1.323025
0.253000	-1.283354
0.254000	-1.176695
0.255000	-0.937075
0.256000	-0.487260
0.257000	0.213701
0.258000	1.091747
0.259000	1.904927
0.260000	2.320960
0.261000	2.138611
0.262000	1.457078
0.263000	0.596856
0.264000	-0.132409
0.265000	-0.570671
0.266000	-0.681904
0.267000	-0.473862
0.268000	0.029317
0.269000	0.741050
0.270000	1.459107
0.271000	1.919996
0.272000	1.988428
0.273000	1.802404
0.274000	1.667361
0.275000	1.771416
0.276000	2.012314
0.277000	2.117461
0.278000	1.943092
0.279000	1.632963
0.280000	1.454448
0.281000	1.496622
0.282000	1.556321
0.283000	1.326739
0.284000	0.691886
0.285000	-0.180509
0.286000	-1.011772
0.287000	-1.620585
0.288000	-1.979704
0.289000	-2.153926
0.290000	-2.225746
0.291000	-2.256249
0.292000	-2.277217
0.293000	-2.298359
0.294000	-2.317389
0.295000	-2.328227
0.296000	-2.326783
0.297000	-2.313213
0.298000	-2.289995
0.299000	-2.257395
0.300000	-2.207837
0.301000	-2.119425
0.302000	-1.950393
0.303000	-1.639938
0.304000	-1.122484
0.305000	-0.364251
0.306000	0.573440
0.307000	1.478790
0.308000	2.035411
0.309000	2.014721
0.310000	1.462538
0.311000	0.664259
0.312000	-0.073756
0.313000	-0.587439
0.314000	-0.854566
0.315000	-0.912490
0.316000	-0.787835
0.317000	-0.467259
0.318000	0.085391
0.319000	0.864959
0.320000	1.752125
0.321000	2.524803
0.322000	3.004259
0.323000	3.199963
0.324000	3.247127
0.325000	3.203923
0.326000	3.011649
0.327000	2.677369
0.328000	2.374272
0.329000	2.269257
0.330000	2.294259
0.331000	2.169710
0.332000	1.674247
0.333000	0.853552
0.334000	-0.048742
0.335000	-0.807032
0.336000	-1.332479
0.337000	-1.646009
0.338000	-1.806930
0.339000	-1.870775
0.340000	-1.879357
0.341000	-1.862272
0.342000	-1.838388
0.343000	-1.816565
0.344000	-1.798361
0.345000	-1.783858
0.346000	-1.776199
0.347000	-1.779362
0.348000	-1.792399
0.349000	-1.807929
0.350000	-1.813868
0.351000	-1.791261
0.352000	-1.707024
0.353000	-1.507314
0.354000	-1.122989
0.355000	-0.505158
0.356000	0.302342
0.357000	1.099305
0.358000	1.577863
0.359000	1.523999
0.360000	1.011780
0.361000	0.374813
0.362000	-0.017102
0.363000	0.039865
0.364000	0.511063
0.365000	1.157449
0.366000	1.674024
0.367000	1.900603
0.368000	1.921923
0.369000	1.911654
0.370000	1.888123
0.371000	1.692121
0.372000	1.215078
0.373000	0.583400
0.374000	0.087870
0.375000	-0.031390
0.376000	0.254556
0.377000	0.726906
0.378000	1.023896
0.379000	0.873778
0.380000	0.293796
0.381000	-0.439771
0.382000	-0.999285
0.383000	-1.170391
0.384000	-0.893913
0.385000	-0.269888
0.386000	0.435339
0.387000	0.862082
0.388000	0.761037
0.389000	0.173559
0.390000	-0.617415
0.391000	-1.313417
0.392000	-1.766075
0.393000	-1.980239
0.394000	-2.034403
0.395000	-2.011475
0.396000	-1.967612
0.397000	-1.929296
0.398000	-1.902948
0.399000	-1.884741
0.400000	-1.865612
0.401000	-1.834416
0.402000	-1.781495
0.403000	-1.699086
0.404000	-1.575308
0.405000	-1.383788
0.406000	-1.075943
0.407000	-0.589238
0.408000	0.112277
0.409000	0.966203
0.410000	1.761648
0.411000	2.206183
0.412000	2.122078
0.413000	1.598694
0.414000	0.928883
0.415000	0.410642
0.416000	0.220636
0.417000	0.412308
0.418000	0.942502
0.419000	1.655699
0.420000	2.271296
0.421000	2.482451
0.422000	2.160049
0.423000	1.465138
0.424000	0.731516
0.425000	0.252874
0.426000	0.174503
0.427000	0.498022
0.428000	1.094075
0.429000	1.702955
0.430000	2.016419
0.431000	1.874168
0.432000	1.409258
0.433000	0.962443
0.434000	0.837194
0.435000	1.104190
0.436000	1.554766
0.437000	1.815889
0.438000	1.597936
0.439000	0.904998
0.440000	0.001359
0.441000	-0.816988
0.442000	-1.397539
0.443000	-1.737395
0.444000	-1.903785
0.445000	-1.970413
0.446000	-1.993581
0.447000	-2.008986
0.448000	-2.032292
0.449000	-2.061133
0.450000	-2.081931
0.451000	-2.079568
0.452000	-2.044069
0.453000	-1.970817
0.454000	-1.853417
0.455000	-1.671047
0.456000	-1.378469
0.457000	-0.914354
0.458000	-0.244951
0.459000	0.559638
0.460000	1.275388
0.461000	1.602539
0.462000	1.375172
0.463000	0.706391
0.464000	-0.104061
0.465000	-0.789426
0.466000	-1.235806
0.467000	-1.453343
0.468000	-1.497200
0.469000	-1.411802
0.470000	-1.206065
0.471000	-0.850333
0.472000	-0.300509
0.473000	0.439830
0.474000	1.242746
0.475000	1.847581
0.476000	1.995989
0.477000	1.633865
0.478000	0.973361
0.479000	0.346695
0.480000	0.019206
0.481000	0.113364
0.482000	0.615744
0.483000	1.377168
0.484000	2.107368
0.485000	2.461647
0.486000	2.246199
0.487000	1.564103
0.488000	0.722296
0.489000	-0.000243
0.490000	-0.487279
0.491000	-0.760496
0.492000	-0.894848
0.493000	-0.958794
0.494000	-0.994320
0.495000	-1.021334
0.496000	-1.048288
0.497000	-1.075687
0.498000	-1.089908
0.499000	-1.054224
0.500000	-0.901997
0.501000	-0.532410
0.502000	0.177930
0.503000	1.312740
0.504000	2.785448
0.505000	4.218858
0.506000	5.025107
0.507000	4.770046
0.508000	3.531682
0.509000	1.845362
0.510000	0.294354
0.511000	-0.812541
0.512000	-1.457480
0.513000	-1.764976
0.514000	-1.874162
0.515000	-1.887206
0.516000	-1.865925
0.517000	-1.842299
0.518000	-1.828182
0.519000	-1.822047
0.520000	-1.814464
0.521000	-1.795088
0.522000	-1.760930
0.523000	-1.720403
0.524000	-1.687898
0.525000	-1.672144
0.526000	-1.668623
0.527000	-1.662804
0.528000	-1.639890
0.529000	-1.589378
0.530000	-1.498016
0.531000	-1.336534
0.532000	-1.051738
0.533000	-0.575789
0.534000	0.136934
0.535000	1.042301
0.536000	1.940670
0.537000	2.507323
0.538000	2.482564
0.539000	1.883342
0.540000	0.997930
0.541000	0.167072
0.542000	-0.404973
0.543000	-0.669859
0.544000	-0.654341
0.545000	-0.388076
0.546000	0.113034
0.547000	0.806472
0.548000	1.556653
0.549000	2.119508
0.550000	2.255278
0.551000	1.912976
0.552000	1.292955
0.553000	0.710606
0.554000	0.417853
0.555000	0.529231
0.556000	1.018152
0.557000	1.704130
0.558000	2.267022
0.559000	2.385417
0.560000	1.952010
0.561000	1.148653
0.562000	0.288352
0.563000	-0.396314
0.564000	-0.831505
0.565000	-1.055826
0.566000	-1.146229
0.567000	-1.171069
0.568000	-1.176144
0.569000	-1.188706
0.570000	-1.222067
0.571000	-1.274882
0.572000	-1.331538
0.573000	-1.369227
0.574000	-1.367080
0.575000	-1.308249
0.576000	-1.171437
0.577000	-0.919157
0.578000	-0.501315
0.579000	0.104165
0.580000	0.817338
0.581000	1.416036
0.582000	1.629031
0.583000	1.339711
0.584000	0.693476
0.585000	-0.025007
0.586000	-0.598065
0.587000	-0.959605
0.588000	-1.147490
0.589000	-1.227974
0.590000	-1.252077
0.591000	-1.244567
0.592000	-1.211778
0.593000	-1.154962
0.594000	-1.077872
0.595000	-0.987077
0.596000	-0.890920
0.597000	-0.798787
0.598000	-0.716858
0.599000	-0.641538
0.600000	-0.559593
0.601000	-0.458402
0.602000	-0.335981
0.603000	-0.200774
0.604000	-0.064527
0.605000	0.062846
0.606000	0.173745
0.607000	0.262732
0.608000	0.328738
0.609000	0.376209
0.610000	0.411388
0.611000	0.438464
0.612000	0.461698
0.613000	0.488621
0.614000	0.526195
0.615000	0.573735
0.616000	0.622280
0.617000	0.660996
0.618000	0.683173
0.619000	0.687079
0.620000	0.673443
0.621000	0.644924
0.622000	0.610462
0.623000	0.591693
0.624000	0.627327
0.625000	0.774395
0.626000	1.100738
0.627000	1.651052
0.628000	2.377633
0.629000	3.080491
0.630000	3.455552
0.631000	3.285319
0.632000	2.615652
0.633000	1.718258
0.634000	0.883230
0.635000	0.265197
0.636000	-0.120682
0.637000	-0.330120
0.638000	-0.433515
0.639000	-0.489847
0.640000	-0.537625
0.641000	-0.595758
0.642000	-0.671653
0.643000	-0.769433
0.644000	-0.892095
0.645000	-1.037990
0.646000	-1.196181
0.647000	-1.345402
0.648000	-1.455308
0.649000	-1.483471
0.650000	-1.370190
0.651000	-1.046814
0.652000	-0.475467
0.653000	0.283912
0.654000	1.039516
0.655000	1.557346
0.656000	1.745369
0.657000	1.718350
0.658000	1.618717
0.659000	1.410840
0.660000	0.935577
0.661000	0.150540
0.662000	-0.771338
0.663000	-1.586126
0.664000	-2.153727
0.665000	-2.470979
0.666000	-2.598693
0.667000	-2.582789
0.668000	-2.418142
0.669000	-2.059632
0.670000	-1.469138
0.671000	-0.682038
0.672000	0.136373
0.673000	0.708198
0.674000	0.788277
0.675000	0.352737
0.676000	-0.369682
0.677000	-1.071179
0.678000	-1.556058
0.679000	-1.791870
0.680000	-1.846939
0.681000	-1.808958
0.682000	-1.736412
0.683000	-1.649135
0.684000	-1.544148
0.685000	-1.417864
0.686000	-1.278616
0.687000	-1.142179
0.688000	-1.017824
0.689000	-0.901692
0.690000	-0.784096
0.691000	-0.658691
0.692000	-0.518460
0.693000	-0.338623
0.694000	-0.059519
0.695000	0.416793
0.696000	1.201486
0.697000	2.346660
0.698000	3.732381
0.699000	4.999887
0.700000	5.664774
0.701000	5.408974
0.702000	4.318704
0.703000	2.830890
0.704000	1.441232
0.705000	0.452479
0.706000	-0.064374
0.707000	-0.161662
0.708000	0.090004
0.709000	0.617035
0.710000	1.279547
0.711000	1.825630
0.712000	1.974619
0.713000	1.606504
0.714000	0.861524
0.715000	0.025005
0.716000	-0.667674
0.717000	-1.112474
0.718000	-1.288843
0.719000	-1.185128
0.720000	-0.774386
0.721000	-0.056931
0.722000	0.867074
0.723000	1.776468
0.724000	2.410830
0.725000	2.581918
0.726000	2.214917
0.727000	1.357183
0.728000	0.198568
0.729000	-0.980367
0.730000	-1.946261
0.731000	-2.606310
0.732000	-2.987592
0.733000	-3.162188
0.734000	-3.192289
0.735000	-3.114155
0.736000	-2.941039
0.737000	-2.665339
0.738000	-2.261118
0.739000	-1.705117
0.740000	-1.030063
0.741000	-0.382984
0.742000	-0.003331
0.743000	-0.071630
0.744000	-0.551347
0.745000	-1.209500
0.746000	-1.792404
0.747000	-2.162422
0.748000	-2.306074
0.749000	-2.277823
0.750000	-2.151785
0.751000	-1.995009
0.752000	-1.849669
0.753000	-1.717343
0.754000	-1.550734
0.755000	-1.264972
0.756000	-0.774988
0.757000	-0.052376
0.758000	0.820416
0.759000	1.651597
0.760000	2.255910
0.761000	2.624298
0.762000	2.943235
0.763000	3.385154
0.764000	3.899259
0.765000	4.249766
0.766000	4.221508
0.767000	3.743495
0.768000	2.885875
0.769000	1.833190
0.770000	0.826967
0.771000	0.056002
0.772000	-0.416901
0.773000	-0.635307
0.774000	-0.686976
0.775000	-0.658796
0.776000	-0.617913
0.777000	-0.602920
0.778000	-0.616376
0.779000	-0.622350
0.780000	-0.554223
0.781000	-0.334652
0.782000	0.087417
0.783000	0.679050
0.784000	1.273748
0.785000	1.607102
0.786000	1.477828
0.787000	0.913607
0.788000	0.160213
0.789000	-0.487110
0.790000	-0.818596
0.791000	-0.725460
0.792000	-0.179513
0.793000	0.737482
0.794000	1.783137
0.795000	2.586999
0.796000	2.807298
0.797000	2.316543
0.798000	1.284564
0.799000	0.101561
0.800000	-0.814900
0.801000	-1.202330
0.802000	-1.033009
0.803000	-0.510156
0.804000	-0.000219
0.805000	0.142075
0.806000	-0.196739
0.807000	-0.811978
0.808000	-1.346831
0.809000	-1.532110
0.810000	-1.323120
0.811000	-0.910718
0.812000	-0.616386
0.813000	-0.685515
0.814000	-1.117515
0.815000	-1.704082
0.816000	-2.224291
0.817000	-2.579936
0.818000	-2.783442
0.819000	-2.884058
0.820000	-2.919579
0.821000	-2.907776
0.822000	-2.857763
0.823000	-2.779336
0.824000	-2.675228
0.825000	-2.517958
0.826000	-2.228766
0.827000	-1.678451
0.828000	-0.728251
0.829000	0.676060
0.830000	2.383699
0.831000	3.998631
0.832000	5.036350
0.833000	5.207386
0.834000	4.560968
0.835000	3.376556
0.836000	1.989979
0.837000	0.698932
0.838000	-0.297152
0.839000	-0.938238
0.840000	-1.278273
0.841000	-1.413139
0.842000	-1.425952
0.843000	-1.369813
0.844000	-1.265603
0.845000	-1.098423
0.846000	-0.819853
0.847000	-0.370858
0.848000	0.267891
0.849000	1.012935
0.850000	1.656762
0.851000	1.957105
0.852000	1.806488
0.853000	1.316158
0.854000	0.718269
0.855000	0.208432
0.856000	-0.116696
0.857000	-0.226705
0.858000	-0.112835
0.859000	0.217878
0.860000	0.707199
0.861000	1.208419
0.862000	1.524387
0.863000	1.554761
0.864000	1.433491
0.865000	1.478448
0.866000	1.952818
0.867000	2.819320
0.868000	3.671832
0.869000	3.948353
0.870000	3.334710
0.871000	2.008850
0.872000	0.473492
0.873000	-0.817083
0.874000	-1.663537
0.875000	-2.076878
0.876000	-2.142960
0.877000	-1.935488
0.878000	-1.514339
0.879000	-0.983944
0.880000	-0.539821
0.881000	-0.411286
0.882000	-0.703257
0.883000	-1.296974
0.884000	-1.937899
0.885000	-2.415805
0.886000	-2.660746
0.887000	-2.716697
0.888000	-2.668058
0.889000	-2.585461
0.890000	-2.508240
0.891000	-2.449962
0.892000	-2.408162
0.893000	-2.368089
0.894000	-2.299074
0.895000	-2.149513
0.896000	-1.851715
0.897000	-1.346889
0.898000	-0.634441
0.899000	0.171542
0.900000	0.842326
0.901000	1.158977
0.902000	1.096003
0.903000	0.865293
0.904000	0.746906
0.905000	0.873146
0.906000	1.144682
0.907000	1.316037
0.908000	1.191208
0.909000	0.787773
0.910000	0.327914
0.911000	0.092299
0.912000	0.293014
0.913000	1.016369
0.914000	2.173494
0.915000	3.453964
0.916000	4.387022
0.917000	4.567938
0.918000	3.905674
0.919000	2.669671
0.920000	1.297114
0.921000	0.140214
0.922000	-0.654747
0.923000	-1.107702
0.924000	-1.305437
0.925000	-1.333006
0.926000	-1.252553
0.927000	-1.101696
0.928000	-0.888873
0.929000	-0.593926
0.930000	-0.196848
0.931000	0.267793
0.932000	0.684350
0.933000	0.924894
0.934000	0.980310
0.935000	0.994776
0.936000	1.127112
0.937000	1.394736
0.938000	1.681324
0.939000	1.855685
0.940000	1.829060
0.941000	1.554715
0.942000	1.080841
0.943000	0.578291
0.944000	0.206598
0.945000	-0.055566
0.946000	-0.382066
0.947000	-0.896769
0.948000	-1.544654
0.949000	-2.161591
0.950000	-2.617799
0.951000	-2.881498
0.952000	-2.990528
0.953000	-3.000212
0.954000	-2.954753
0.955000	-2.882610
0.956000	-2.796588
0.957000	-2.694393
0.958000	-2.569250
0.959000	-2.425861
0.960000	-2.282844
0.961000	-2.159247
0.962000	-2.062323
0.963000	-1.987114
0.964000	-1.922765
0.965000	-1.855763
0.966000	-1.764827
0.967000	-1.613379
0.968000	-1.351077
0.969000	-0.925241
0.970000	-0.297377
0.971000	0.528079
0.972000	1.467892
0.973000	2.373290
0.974000	3.134085
0.975000	3.769522
0.976000	4.349441
0.977000	4.823167
0.978000	5.005535
0.979000	4.742993
0.980000	4.040417
0.981000	3.052326
0.982000	2.010333
0.983000	1.128318
0.984000	0.516575
0.985000	0.165154
0.986000	-0.004288
0.987000	-0.078211
0.988000	-0.120470
0.989000	-0.167166
0.990000	-0.231192
0.991000	-0.309245
0.992000	-0.390413
0.993000	-0.463149
0.994000	-0.518178
0.995000	-0.551286
0.996000	-0.566996
0.997000	-0.572951
0.998000	-0.559177
0.999000	-0.478287
1.000000	-0.252046
1.001000	0.186083
1.002000	0.826129
1.003000	1.532327
1.004000	2.062561
1.005000	2.174773
1.006000	1.761040
1.007000	0.918058
1.008000	-0.097745
1.009000	-1.002971
1.010000	-1.601642
1.011000	-1.798832
1.012000	-1.548024
1.013000	-0.822666
1.014000	0.345133
1.015000	1.793101
1.016000	3.202779
1.017000	4.164805
1.018000	4.317660
1.019000	3.525735
1.020000	2.004766
1.021000	0.236210
1.022000	-1.312179
1.023000	-2.408572
1.024000	-3.063577
1.025000	-3.405830
1.026000	-3.568234
1.027000	-3.636877
1.028000	-3.648909
1.029000	-3.613088
1.030000	-3.530691
1.031000	-3.406814
1.032000	-3.254958
1.033000	-3.095861
1.034000	-2.947463
1.035000	-2.812486
1.036000	-2.675835
1.037000	-2.511781
1.038000	-2.287473
1.039000	-1.953537
1.040000	-1.434130
1.041000	-0.649456
1.042000	0.403241
1.043000	1.544045
1.044000	2.405420
1.045000	2.635235
1.046000	2.180994
1.047000	1.353768
1.048000	0.599752
1.049000	0.239682
1.050000	0.381589
1.051000	0.948649
1.052000	1.707186
1.053000	2.318844
1.054000	2.497607
1.055000	2.196726
1.056000	1.622780
1.057000	1.048358
1.058000	0.631508
1.059000	0.388651
1.060000	0.265540
1.061000	0.202740
1.062000	0.163134
1.063000	0.134230
1.064000	0.118804
1.065000	0.122692
1.066000	0.146700
1.067000	0.184410
1.068000	0.224929
1.069000	0.263014
1.070000	0.317457
1.071000	0.445995
1.072000	0.733821
1.073000	1.242401
1.074000	1.941898
1.075000	2.687580
1.076000	3.283945
1.077000	3.594552
1.078000	3.597709
1.079000	3.345076
1.080000	2.884726
1.081000	2.257309
1.082000	1.582020
1.083000	1.086222
1.084000	0.974690
1.085000	1.255278
1.086000	1.696012
1.087000	1.942948
1.088000	1.705775
1.089000	0.912213
1.090000	-0.251379
1.091000	-1.461252
1.092000	-2.451291
1.093000	-3.117556
1.094000	-3.489792
1.095000	-3.652354
1.096000	-3.687695
1.097000	-3.657074
1.098000	-3.601319
1.099000	-3.544331
1.100000	-3.496830
1.101000	-3.461988
1.102000	-3.437949
1.103000	-3.415380
1.104000	-3.376689
1.105000	-3.300838
1.106000	-3.168295
1.107000	-2.958753
1.108000	-2.644923
1.109000	-2.200902
1.110000	-1.641180
1.111000	-1.066685
1.112000	-0.645980
1.113000	-0.493135
1.114000	-0.537285
1.115000	-0.533482
1.116000	-0.219585
1.117000	0.517686
1.118000	1.568589
1.119000	2.635093
1.120000	3.358991
1.121000	3.490926
1.122000	3.015045
1.123000	2.153448
1.124000	1.233558
1.125000	0.511867
1.126000	0.086808
1.127000	-0.073354
1.128000	-0.059900
1.129000	0.031555
1.130000	0.132518
1.131000	0.215086
1.132000	0.285176
1.133000	0.358457
1.134000	0.438570
1.135000	0.516512
1.136000	0.586765
1.137000	0.658817
1.138000	0.753609
1.139000	0.895369
1.140000	1.107044
1.141000	1.398842
1.142000	1.741012
1.143000	2.044573
1.144000	2.200668
1.145000	2.184005
1.146000	2.120727
1.147000	2.215885
1.148000	2.582930
1.149000	3.123358
1.150000	3.556961
1.151000	3.590549
1.152000	3.116356
1.153000	2.295619
1.154000	1.454924
1.155000	0.873374
1.156000	0.620058
1.157000	0.537036
1.158000	0.366284
1.159000	-0.056068
1.160000	-0.687424
1.161000	-1.346288
1.162000	-1.870170
1.163000	-2.203604
1.164000	-2.378827
1.165000	-2.458836
1.166000	-2.498299
1.167000	-2.528732
1.168000	-2.558798
1.169000	-2.583453
1.170000	-2.595933
1.171000	-2.596030
1.172000	-2.591255
1.173000	-2.592614
1.174000	-2.607749
1.175000	-2.633476
1.176000	-2.652485
1.177000	-2.637715
1.178000	-2.559034
1.179000	-2.382711
1.180000	-2.063783
1.181000	-1.545491
1.182000	-0.786202
1.183000	0.179851
1.184000	1.189168
1.185000	1.988571
1.186000	2.395412
1.187000	2.442683
1.188000	2.322390
1.189000	2.160026
1.190000	1.891637
1.191000	1.396771
1.192000	0.695586
1.193000	-0.039803
1.194000	-0.628202
1.195000	-0.986474
1.196000	-1.127776
1.197000	-1.107643
1.198000	-0.982421
1.199000	-0.798530
1.200000	-0.598316
1.201000	-0.423362
1.202000	-0.307049
1.203000	-0.261623
1.204000	-0.272538
1.205000	-0.306149
1.206000	-0.324058
1.207000	-0.296140
1.208000	-0.209304
1.209000	-0.067514
1.210000	0.120256
1.211000	0.356606
1.212000	0.659299
1.213000	1.036286
1.214000	1.443252
1.215000	1.781032
1.216000	1.984258
1.217000	2.136862
1.218000	2.460801
1.219000	3.137617
1.220000	4.112156
1.221000	5.055212
1.222000	5.526650
1.223000	5.225681
1.224000	4.161962
1.225000	2.645982
1.226000	1.108618
1.227000	-0.123631
1.228000	-0.938778
1.229000	-1.395162
1.230000	-1.613570
1.231000	-1.701069
1.232000	-1.730673
1.233000	-1.749297
1.234000	-1.785747
1.235000	-1.852161
1.236000	-1.942796
1.237000	-2.035607
1.238000	-2.102288
1.239000	-2.125147
1.240000	-2.108985
1.241000	-2.077123
1.242000	-2.056324
1.243000	-2.065954
1.244000	-2.114752
1.245000	-2.195714
1.246000	-2.279255
1.247000	-2.315253
1.248000	-2.245790
1.249000	-2.021110
1.250000	-1.615326
1.251000	-1.044810
1.252000	-0.385785
1.253000	0.236160
1.254000	0.712522
1.255000	1.028863
1.256000	1.252197
1.257000	1.437407
1.258000	1.584825
1.259000	1.677812
1.260000	1.688034
1.261000	1.544016
1.262000	1.180759
1.263000	0.639316
1.264000	0.061536
1.265000	-0.417451
1.266000	-0.741841
1.267000	-0.923383
1.268000	-0.997713
1.269000	-0.994448
1.270000	-0.930606
1.271000	-0.819993
1.272000	-0.683355
1.273000	-0.546419
1.274000	-0.427956
1.275000	-0.331044
1.276000	-0.246315
1.277000	-0.162509
1.278000	-0.072647
1.279000	0.025985
1.280000	0.129982
1.281000	0.225852
1.282000	0.292676
1.283000	0.313883
1.284000	0.291074
1.285000	0.252520
1.286000	0.253017
1.287000	0.362166
1.288000	0.637943
1.289000	1.087775
1.290000	1.633436
1.291000	2.120168
1.292000	2.408375
1.293000	2.496172
1.294000	2.527604
1.295000	2.636077
1.296000	2.779090
1.297000	2.754241
1.298000	2.392465
1.299000	1.720616
1.300000	0.926125
1.301000	0.201401
1.302000	-0.351836
1.303000	-0.713607
1.304000	-0.904148
1.305000	-0.961519
1.306000	-0.935246
1.307000	-0.877566
1.308000	-0.829094
1.309000	-0.810178
1.310000	-0.823273
1.311000	-0.858855
1.312000	-0.899134
1.313000	-0.919808
1.314000	-0.889247
1.315000	-0.771701
1.316000	-0.551840
1.317000	-0.274041
1.318000	-0.040433
1.319000	0.069707
1.320000	0.080596
1.321000	0.080609
1.322000	0.094814
1.323000	0.037991
1.324000	-0.181981
1.325000	-0.539777
1.326000	-0.893064
1.327000	-1.083187
1.328000	-1.018993
1.329000	-0.704984
1.330000	-0.249844
1.331000	0.146196
1.332000	0.277301
1.333000	0.070363
1.334000	-0.362107
1.335000	-0.824946
1.336000	-1.180976
1.337000	-1.395068
1.338000	-1.492043
1.339000	-1.509310
1.340000	-1.479716
1.341000	-1.428631
1.342000	-1.367976
1.343000	-1.291801
1.344000	-1.182886
1.345000	-1.027953
1.346000	-0.831069
1.347000	-0.617500
1.348000	-0.426554
1.349000	-0.294967
1.350000	-0.236791
1.351000	-0.234261
1.352000	-0.250174
1.353000	-0.251636
1.354000	-0.223505
1.355000	-0.161192
1.356000	-0.051306
1.357000	0.141283
1.358000	0.466261
1.359000	0.960394
1.360000	1.610504
1.361000	2.330493
1.362000	2.983473
1.363000	3.447578
1.364000	3.673880
1.365000	3.686301
1.366000	3.520864
1.367000	3.167428
1.368000	2.603587
1.369000	1.890049
1.370000	1.180761
1.371000	0.620446
1.372000	0.258097
1.373000	0.052846
1.374000	-0.069194
1.375000	-0.168317
1.376000	-0.275745
1.377000	-0.398123
1.378000	-0.528158
1.379000	-0.656869
1.380000	-0.781048
1.381000	-0.899505
1.382000	-1.005025
1.383000	-1.084687
1.384000	-1.128663
1.385000	-1.136498
1.386000	-1.115156
1.387000	-1.072376
1.388000	-1.009418
1.389000	-0.915858
1.390000	-0.771744
1.391000	-0.564487
1.392000	-0.320312
1.393000	-0.122845
1.394000	-0.071322
1.395000	-0.184721
1.396000	-0.351085
1.397000	-0.397714
1.398000	-0.223167
1.399000	0.128120
1.400000	0.510620
1.401000	0.807534
1.402000	1.014930
1.403000	1.170849
1.404000	1.220214
1.405000	1.022898
1.406000	0.519844
1.407000	-0.165325
1.408000	-0.820551
1.409000	-1.300726
1.410000	-1.578284
1.411000	-1.695112
1.412000	-1.705489
1.413000	-1.652821
1.414000	-1.569950
1.415000	-1.482850
1.416000	-1.409705
1.417000	-1.357905
1.418000	-1.321529
1.419000	-1.281423
1.420000	-1.212777
1.421000	-1.099210
1.422000	-0.942820
1.423000	-0.762678
1.424000	-0.584833
1.425000	-0.430967
1.426000	-0.310072
1.427000	-0.215574
1.428000	-0.130898
1.429000	-0.041680
1.430000	0.054913
1.431000	0.151479
1.432000	0.240675
1.433000	0.325749
1.434000	0.423486
1.435000	0.561677
1.436000	0.777021
1.437000	1.106353
1.438000	1.558224
1.439000	2.072326
1.440000	2.502599
1.441000	2.668897
1.442000	2.473915
1.443000	1.985825
1.444000	1.390290
1.445000	0.863141
1.446000	0.491010
1.447000	0.278839
1.448000	0.194578
1.449000	0.201570
1.450000	0.265304
1.451000	0.348111
1.452000	0.410601
1.453000	0.425799
1.454000	0.396071
1.455000	0.357546
1.456000	0.367028
1.457000	0.478215
1.458000	0.709671
1.459000	1.007192
1.460000	1.235094
1.461000	1.244867
1.462000	0.990671
1.463000	0.570621
1.464000	0.141057
1.465000	-0.195353
1.466000	-0.417624
1.467000	-0.538330
1.468000	-0.552105
1.469000	-0.426883
1.470000	-0.136899
1.471000	0.286274
1.472000	0.716520
1.473000	0.959034
1.474000	0.865309
1.475000	0.450049
1.476000	-0.123454
1.477000	-0.672561
1.478000	-1.097285
1.479000	-1.387880
1.480000	-1.579011
1.481000	-1.704997
1.482000	-1.782089
1.483000	-1.815625
1.484000	-1.812498
1.485000	-1.785341
1.486000	-1.750479
1.487000	-1.723936
1.488000	-1.714737
1.489000	-1.717941
1.490000	-1.714844
1.491000	-1.681309
1.492000	-1.595557
1.493000	-1.438796
1.494000	-1.191748
1.495000	-0.837479
1.496000	-0.382091
1.497000	0.110736
1.498000	0.510083
1.499000	0.679390
1.500000	0.583718
1.501000	0.335511
1.502000	0.122844
1.503000	0.097241
1.504000	0.319224
1.505000	0.763920
1.506000	1.329980
1.507000	1.838393
1.508000	2.080658
1.509000	1.943716
1.510000	1.503233
1.511000	0.964587
1.512000	0.512815
1.513000	0.227111
1.514000	0.099274
1.515000	0.084401
1.516000	0.129535
1.517000	0.184366
1.518000	0.213910
1.519000	0.212446
1.520000	0.203018
1.521000	0.214683
1.522000	0.252590
1.523000	0.290349
1.524000	0.294663
1.525000	0.258130
1.526000	0.212486
1.527000	0.218582
1.528000	0.341925
1.529000	0.615133
1.530000	0.991136
1.531000	1.324578
1.532000	1.438004
1.533000	1.252367
1.534000	0.851402
1.535000	0.402779
1.536000	0.032840
1.537000	-0.218902
1.538000	-0.363846
1.539000	-0.415598
1.540000	-0.366470
1.541000	-0.187769
1.542000	0.150808
1.543000	0.635719
1.544000	1.150761
1.545000	1.475981
1.546000	1.412067
1.547000	0.948372
1.548000	0.282098
1.549000	-0.343967
1.550000	-0.799481
1.551000	-1.084299
1.552000	-1.256116
1.553000	-1.368779
1.554000	-1.452376
1.555000	-1.517297
1.556000	-1.565879
1.557000	-1.602137
1.558000	-1.630801
1.559000	-1.647765
1.560000	-1.637009
1.561000	-1.582587
1.562000	-1.484330
1.563000	-1.358855
1.564000	-1.222205
1.565000	-1.067997
1.566000	-0.858732
1.567000	-0.543274
1.568000	-0.104804
1.569000	0.383543
1.570000	0.758306
1.571000	0.865535
1.572000	0.687440
1.573000	0.355529
1.574000	0.039482
1.575000	-0.156571
1.576000	-0.212082
1.577000	-0.159840
1.578000	-0.055826
1.579000	0.042311
1.580000	0.092494
1.581000	0.081219
1.582000	0.028461
1.583000	-0.021285
1.584000	-0.022097
1.585000	0.047744
1.586000	0.175423
1.587000	0.326549
1.588000	0.469164
1.589000	0.586803
1.590000	0.672992
1.591000	0.720667
1.592000	0.721559
1.593000	0.675262
1.594000	0.596317
1.595000	0.509426
1.596000	0.434044
1.597000	0.371658
1.598000	0.310627
1.599000	0.245644
1.600000	0.188640
1.601000	0.159412
1.602000	0.174681
1.603000	0.252963
1.604000	0.421995
1.605000	0.708204
1.606000	1.109149
1.607000	1.561729
1.608000	1.926902
1.609000	2.033770
1.610000	1.793412
1.611000	1.282967
1.612000	0.693241
1.613000	0.194766
1.614000	-0.139406
1.615000	-0.318018
1.616000	-0.384193
1.617000	-0.386479
1.618000	-0.370487
1.619000	-0.371942
1.620000	-0.404583
1.621000	-0.456784
1.622000	-0.505796
1.623000	-0.534688
1.624000	-0.535265
1.625000	-0.503819
1.626000	-0.444569
1.627000	-0.376492
1.628000	-0.328670
1.629000	-0.324141
1.630000	-0.366652
1.631000	-0.440880
1.632000	-0.524682
1.633000	-0.603637
1.634000	-0.677227
1.635000	-0.751642
1.636000	-0.824981
1.637000	-0.879233
1.638000	-0.886837
1.639000	-0.822290
1.640000	-0.664122
1.641000	-0.389462
1.642000	0.016833
1.643000	0.522657
1.644000	1.005774
1.645000	1.278804
1.646000	1.210099
1.647000	0.834753
1.648000	0.324673
1.649000	-0.144850
1.650000	-0.485614
1.651000	-0.691541
1.652000	-0.795380
1.653000	-0.839607
1.654000	-0.863669
1.655000	-0.891881
1.656000	-0.922826
1.657000	-0.932835
1.658000	-0.893513
1.659000	-0.789097
1.660000	-0.624110
1.661000	-0.423511
1.662000	-0.228796
1.663000	-0.086857
1.664000	-0.029573
1.665000	-0.056117
1.666000	-0.134809
1.667000	-0.223574
1.668000	-0.289076
1.669000	-0.310053
1.670000	-0.271004
1.671000	-0.158233
1.672000	0.040777
1.673000	0.337755
1.674000	0.738914
1.675000	1.225364
1.676000	1.720915
1.677000	2.081996
1.678000	2.158295
1.679000	1.904112
1.680000	1.427296
1.681000	0.910699
1.682000	0.492111
1.683000	0.217114
1.684000	0.069572
1.685000	0.014559
1.686000	0.016236
1.687000	0.039659
1.688000	0.054387
1.689000	0.042118
1.690000	0.001235
1.691000	-0.054692
1.692000	-0.103217
1.693000	-0.123925
1.694000	-0.110870
1.695000	-0.078803
1.696000	-0.056848
1.697000	-0.069747
1.698000	-0.119458
1.699000	-0.187090
1.700000	-0.254206
1.701000	-0.315552
1.702000	-0.369884
1.703000	-0.410138
1.704000	-0.430558
1.705000	-0.438455
1.706000	-0.451813
1.707000	-0.483173
1.708000	-0.524784
1.709000	-0.545449
1.710000	-0.497060
1.711000	-0.325964
1.712000	0.006291
1.713000	0.484959
1.714000	1.003362
1.715000	1.376965
1.716000	1.445460
1.717000	1.191465
1.718000	0.747646
1.719000	0.287051
1.720000	-0.079328
1.721000	-0.324235
1.722000	-0.473863
1.723000	-0.569229
1.724000	-0.639506
1.725000	-0.694302
1.726000	-0.730272
1.727000	-0.741765
1.728000	-0.729032
1.729000	-0.699535
1.730000	-0.659884
1.731000	-0.606604
1.732000	-0.530185
1.733000	-0.430951
1.734000	-0.327071
1.735000	-0.244480
1.736000	-0.200502
1.737000	-0.194955
1.738000	-0.211249
1.739000	-0.226538
1.740000	-0.225755
1.741000	-0.205250
1.742000	-0.158553
1.743000	-0.057823
1.744000	0.146079
1.745000	0.492162
1.746000	0.956006
1.747000	1.413709
1.748000	1.678428
1.749000	1.617212
1.750000	1.252701
1.751000	0.741348
1.752000	0.256928
1.753000	-0.099913
1.754000	-0.312221
1.755000	-0.411308
1.756000	-0.439791
1.757000	-0.430834
1.758000	-0.401653
1.759000	-0.356066
1.760000	-0.294249
1.761000	-0.224993
1.762000	-0.169824
1.763000	-0.152902
1.764000	-0.184270
1.765000	-0.251577
1.766000	-0.328163
1.767000	-0.389815
1.768000	-0.424680
1.769000	-0.430519
1.770000	-0.407505
1.771000	-0.356116
1.772000	-0.280423
1.773000	-0.190043
1.774000	-0.097221
1.775000	-0.012822
1.776000	0.055063
1.777000	0.100343
1.778000	0.117440
1.779000	0.101699
1.780000	0.054460
1.781000	-0.011229
1.782000	-0.073205
1.783000	-0.111754
1.784000	-0.119506
1.785000	-0.100513
1.786000	-0.061579
1.787000	-0.007393
1.788000	0.056684
1.789000	0.122914
1.790000	0.185370
1.791000	0.242263
1.792000	0.290603
1.793000	0.321846
1.794000	0.329377
1.795000	0.319273
1.796000	0.306373
1.797000	0.298484
1.798000	0.288683
1.799000	0.263782
1.800000	0.219443
1.801000	0.168832
1.802000	0.136955
1.803000	0.142482
1.804000	0.181430
1.805000	0.229813
1.806000	0.263466
1.807000	0.272833
1.808000	0.260163
1.809000	0.231591
1.810000	0.196883
1.811000	0.169624
1.812000	0.158610
1.813000	0.159048
1.814000	0.156232
1.815000	0.137661
1.816000	0.099460
1.817000	0.042993
1.818000	-0.029321
1.819000	-0.112597
1.820000	-0.196602
1.821000	-0.266600
1.822000	-0.308695
1.823000	-0.318291
1.824000	-0.304332
1.825000	-0.281454
1.826000	-0.257850
1.827000	-0.234188
1.828000	-0.212186
1.829000	-0.198123
1.830000	-0.196146
1.831000	-0.200656
1.832000	-0.197068
1.833000	-0.170514
1.834000	-0.115516
1.835000	-0.040298
1.836000	0.036846
1.837000	0.098031
1.838000	0.136410
1.839000	0.156264
1.840000	0.160383
1.841000	0.139640
1.842000	0.081060
1.843000	-0.012727
1.844000	-0.117262
1.845000	-0.200967
1.846000	-0.243214
1.847000	-0.241938
1.848000	-0.212584
1.849000	-0.179323
1.850000	-0.158361
1.851000	-0.144561
1.852000	-0.115043
1.853000	-0.048352
1.854000	0.056473
1.855000	0.175145
1.856000	0.268604
1.857000	0.301069
1.858000	0.258502
1.859000	0.158563
1.860000	0.041521
1.861000	-0.055252
1.862000	-0.118109
1.863000	-0.155295
1.864000	-0.178073
1.865000	-0.186181
1.866000	-0.171433
1.867000	-0.131700
1.868000	-0.076574
1.869000	-0.020304
1.870000	0.025598
1.871000	0.053521
1.872000	0.060410
1.873000	0.051402
1.874000	0.041937
1.875000	0.052044
1.876000	0.092202
1.877000	0.152088
1.878000	0.206359
1.879000	0.234023
1.880000	0.231621
1.881000	0.209309
1.882000	0.177958
1.883000	0.139801
1.884000	0.087882
1.885000	0.013191
1.886000	-0.085570
1.887000	-0.196337
1.888000	-0.295734
1.889000	-0.356878
1.890000	-0.359741
1.891000	-0.301084
1.892000	-0.197312
1.893000	-0.075538
1.894000	0.040557
1.895000	0.138357
1.896000	0.214222
1.897000	0.267571
1.898000	0.296939
1.899000	0.299220
1.900000	0.271884
1.901000	0.218643
1.902000	0.154098
1.903000	0.098018
1.904000	0.060280
1.905000	0.032642
1.906000	-0.001786
1.907000	-0.050001
1.908000	-0.099456
1.909000	-0.127443
1.910000	-0.121525
1.911000	-0.089904
1.912000	-0.050740
1.913000	-0.014461
1.914000	0.019676
1.915000	0.051428
1.916000	0.070740
1.917000	0.066072
1.918000	0.039998
1.919000	0.012145
1.920000	0.005932
1.921000	0.032782
1.922000	0.085295
1.923000	0.140467
1.924000	0.170706
1.925000	0.158453
1.926000	0.104865
1.927000	0.026752
1.928000	-0.052039
1.929000	-0.108830
1.930000	-0.131789
1.931000	-0.128836
1.932000	-0.124258
1.933000	-0.138684
1.934000	-0.168764
1.935000	-0.188046
1.936000	-0.169242
1.937000	-0.107325
1.938000	-0.024321
1.939000	0.047773
1.940000	0.091729
1.941000	0.114304
1.942000	0.131507
1.943000	0.148737
1.944000	0.157947
1.945000	0.149860
1.946000	0.123736
1.947000	0.085275
1.948000	0.037317
1.949000	-0.024611
1.950000	-0.103520
1.951000	-0.187324
1.952000	-0.250577
1.953000	-0.274488
1.954000	-0.262472
1.955000	-0.234506
1.956000	-0.210664
1.957000	-0.202481
1.958000	-0.214183
1.959000	-0.243357
1.960000	-0.279152
1.961000	-0.304639
1.962000	-0.303803
1.963000	-0.267680
1.964000	-0.197183
1.965000	-0.103654
1.966000	-0.006370
1.967000	0.073947
1.968000	0.122291
1.969000	0.134303
1.970000	0.118155
1.971000	0.090842
1.972000	0.069559
1.973000	0.064765
1.974000	0.079400
1.975000	0.111598
1.976000	0.156226
1.977000	0.205789
1.978000	0.254047
1.979000	0.300275
1.980000	0.346712
1.981000	0.389263
1.982000	0.414911
1.983000	0.413412
1.984000	0.389740
1.985000	0.361398
1.986000	0.343563
1.987000	0.336370
1.988000	0.325225
1.989000	0.295279
1.990000	0.248354
1.991000	0.203698
1.992000	0.177319
1.993000	0.160893
1.994000	0.125853
1.995000	0.049398
1.996000	-0.065145
1.997000	-0.191161
1.998000	-0.297384
1.999000	-0.363939
2.000000	-0.385742
2.001000	-0.367591
2.002000	-0.320294
2.003000	-0.260636
2.004000	-0.210087
2.005000	-0.187509
2.006000	-0.198903
2.007000	-0.234149
2.008000	-0.275746
2.009000	-0.310822
2.010000	-0.334280
2.011000	-0.342612
2.012000	-0.329767
2.013000	-0.294202
2.014000	-0.248410
2.015000	-0.212322
2.016000	-0.192623
2.017000	-0.174023
2.018000	-0.135299
2.019000	-0.071276
2.020000	0.002002
2.021000	0.059793
2.022000	0.084867
2.023000	0.076484
2.024000	0.048667
2.025000	0.019031
2.026000	-0.003259
2.027000	-0.019547
2.028000	-0.035336
2.029000	-0.054379
2.030000	-0.074406
2.031000	-0.084560
2.032000	-0.069730
2.033000	-0.022329
2.034000	0.047067
2.035000	0.112340
2.036000	0.150381
2.037000	0.159890
2.038000	0.161388
2.039000	0.177719
2.040000	0.214108
2.041000	0.256689
2.042000	0.288041
2.043000	0.302465
2.044000	0.307502
2.045000	0.311551
2.046000	0.310537
2.047000	0.288851
2.048000	0.234207
2.049000	0.151149
2.050000	0.062210
2.051000	-0.002508
2.052000	-0.021496
2.053000	0.004093
2.054000	0.049017
2.055000	0.079984
2.056000	0.076274
2.057000	0.036298
2.058000	-0.029568
2.059000	-0.106525
2.060000	-0.179680
2.061000	-0.237378
2.062000	-0.269382
2.063000	-0.261816
2.064000	-0.201887
2.065000	-0.092091
2.066000	0.045175
2.067000	0.180210
2.068000	0.291144
2.069000	0.368530
2.070000	0.410183
2.071000	0.412815
2.072000	0.368874
2.073000	0.273731
2.074000	0.137073
2.075000	-0.013141
2.076000	-0.139725
2.077000	-0.213774
2.078000	-0.229270
2.079000	-0.205204
2.080000	-0.174241
2.081000	-0.164527
2.082000	-0.185195
2.083000	-0.224267
2.084000	-0.258238
2.085000	-0.264949
2.086000	-0.233005
2.087000	-0.166295
2.088000	-0.084212
2.089000	-0.016144
2.090000	0.011145
2.091000	-0.013124
2.092000	-0.079353
2.093000	-0.163287
2.094000	-0.236754
2.095000	-0.278663
2.096000	-0.280886
2.097000	-0.247341
2.098000	-0.191054
2.099000	-0.131336
2.100000	-0.087171
2.101000	-0.066910
2.102000	-0.062572
2.103000	-0.056273
2.104000	-0.035494
2.105000	-0.003109
2.106000	0.029114
2.107000	0.056219
2.108000	0.085126
2.109000	0.122747
2.110000	0.163595
2.111000	0.192278
2.112000	0.196803
2.113000	0.178599
2.114000	0.149721
2.115000	0.120257
2.116000	0.090540
2.117000	0.057923
2.118000	0.040822
