0.000000	0.000000
0.001000	0.003604
0.002000	0.043631
0.003000	0.173911
0.004000	0.413509
0.005000	0.735715
0.006000	1.093698
0.007000	1.438092
0.008000	1.726616
0.009000	1.928481
0.010000	2.025531
0.011000	2.011204
0.012000	1.888692
0.013000	1.668820
0.014000	1.367537
0.015000	1.003813
0.016000	0.598101
0.017000	0.170813
0.018000	-0.259056
0.019000	-0.674916
0.020000	-1.063162
0.021000	-1.413128
0.022000	-1.716329
0.023000	-1.950294
0.024000	-2.060317
0.025000	-2.003622
0.026000	-1.790901
0.027000	-1.466667
0.028000	-1.085852
0.029000	-0.700195
0.030000	-0.351713
0.031000	-0.070261
0.032000	0.126457
0.033000	0.231433
0.034000	0.246411
0.035000	0.179805
0.036000	0.044643
0.037000	-0.143150
0.038000	-0.366178
0.039000	-0.606993
0.040000	-0.849513
0.041000	-1.079989
0.042000	-1.287182
0.043000	-1.462458
0.044000	-1.599852
0.045000	-1.695840
0.046000	-1.749125
0.047000	-1.760409
0.048000	-1.726207
0.049000	-1.610106
0.050000	-1.359856
0.051000	-0.966314
0.052000	-0.466486
0.053000	0.084028
0.054000	0.628711
0.055000	1.119308
0.056000	1.519734
0.057000	1.807211
0.058000	1.972050
0.059000	2.015869
0.060000	1.948578
0.061000	1.785499
0.062000	1.545301
0.063000	1.248427
0.064000	0.915415
0.065000	0.565320
0.066000	0.214855
0.067000	-0.121841
0.068000	-0.433107
0.069000	-0.695783
0.070000	-0.852434
0.071000	-0.851612
0.072000	-0.684973
0.073000	-0.349206
0.074000	0.145445
0.075000	0.744595
0.076000	1.369485
0.077000	1.942458
0.078000	2.400634
0.079000	2.700844
0.080000	2.820146
0.081000	2.754377
0.082000	2.514843
0.083000	2.124380
0.084000	1.613491
0.085000	1.016328
0.086000	0.367382
0.087000	-0.300775
0.088000	-0.958526
0.089000	-1.579941
0.090000	-2.143637
0.091000	-2.633467
0.092000	-3.038673
0.093000	-3.353503
0.094000	-3.576306
0.095000	-3.706289
0.096000	-3.718114
0.097000	-3.558283
0.098000	-3.203277
0.099000	-2.684646
0.100000	-2.061624
0.101000	-1.399155
0.102000	-0.755207
0.103000	-0.174839
0.104000	0.311363
0.105000	0.686632
0.106000	0.946192
0.107000	1.094300
0.108000	1.141114
0.109000	1.100727
0.110000	0.990080
0.111000	0.827311
0.112000	0.630373
0.113000	0.416012
0.114000	0.198489
0.115000	-0.010474
0.116000	-0.201163
0.117000	-0.365934
0.118000	-0.499363
0.119000	-0.586111
0.120000	-0.574424
0.121000	-0.412770
0.122000	-0.104097
0.123000	0.307671
0.124000	0.764680
0.125000	1.210751
0.126000	1.599465
0.127000	1.898089
0.128000	2.088157
0.129000	2.163671
0.130000	2.128672
0.131000	1.994614
0.132000	1.777736
0.133000	1.496827
0.134000	1.171450
0.135000	0.820942
0.136000	0.463096
0.137000	0.112583
0.138000	-0.218867
0.139000	-0.521480
0.140000	-0.787406
0.141000	-1.011215
0.142000	-1.190148
0.143000	-1.312369
0.144000	-1.300115
0.145000	-1.042510
0.146000	-0.513630
0.147000	0.219293
0.148000	1.050400
0.149000	1.870915
0.150000	2.587972
0.151000	3.133278
0.152000	3.466073
0.153000	3.570933
0.154000	3.452756
0.155000	3.131630
0.156000	2.638127
0.157000	2.009387
0.158000	1.286130
0.159000	0.509412
0.160000	-0.282653
0.161000	-1.056457
0.162000	-1.782906
0.163000	-2.438008
0.164000	-3.004290
0.165000	-3.471345
0.166000	-3.834006
0.167000	-4.090436
0.168000	-4.242068
0.169000	-4.291238
0.170000	-4.214497
0.171000	-3.960644
0.172000	-3.509970
0.173000	-2.897041
0.174000	-2.183022
0.175000	-1.434523
0.176000	-0.711826
0.177000	-0.062323
0.178000	0.482044
0.179000	0.903597
0.180000	1.196911
0.181000	1.366464
0.182000	1.423492
0.183000	1.383435
0.184000	1.264403
0.185000	1.086035
0.186000	0.884579
0.187000	0.727770
0.188000	0.669997
0.189000	0.714374
0.190000	0.831810
0.191000	0.986917
0.192000	1.177211
0.193000	1.426207
0.194000	1.728545
0.195000	2.051516
0.196000	2.390382
0.197000	2.758438
0.198000	3.132342
0.199000	3.456968
0.200000	3.673383
0.201000	3.734546
0.202000	3.612854
0.203000	3.301429
0.204000	2.811176
0.205000	2.166576
0.206000	1.401131
0.207000	0.553110
0.208000	-0.337990
0.209000	-1.234206
0.210000	-2.100944
0.211000	-2.908076
0.212000	-3.630571
0.213000	-4.249287
0.214000	-4.751518
0.215000	-5.129967
0.216000	-5.381608
0.217000	-5.507626
0.218000	-5.512350
0.219000	-5.385894
0.220000	-5.084224
0.221000	-4.575116
0.222000	-3.882401
0.223000	-3.064891
0.224000	-2.191175
0.225000	-1.324841
0.226000	-0.517639
0.227000	0.192479
0.228000	0.781697
0.229000	1.239276
0.230000	1.564749
0.231000	1.765133
0.232000	1.853362
0.233000	1.848234
0.234000	1.794367
0.235000	1.763937
0.236000	1.817390
0.237000	2.004067
0.238000	2.344763
0.239000	2.798786
0.240000	3.290239
0.241000	3.738833
0.242000	4.076666
0.243000	4.256452
0.244000	4.272910
0.245000	4.176880
0.246000	4.021198
0.247000	3.816631
0.248000	3.549586
0.249000	3.201532
0.250000	2.759345
0.251000	2.219074
0.252000	1.586248
0.253000	0.875078
0.254000	0.107993
0.255000	-0.686295
0.256000	-1.477305
0.257000	-2.236863
0.258000	-2.940702
0.259000	-3.568569
0.260000	-4.105236
0.261000	-4.540969
0.262000	-4.870225
0.263000	-5.090760
0.264000	-5.202839
0.265000	-5.209404
0.266000	-5.117263
0.267000	-4.936418
0.268000	-4.678283
0.269000	-4.353767
0.270000	-3.972347
0.271000	-3.543493
0.272000	-3.078315
0.273000	-2.576035
0.274000	-1.998058
0.275000	-1.305379
0.276000	-0.510187
0.277000	0.338283
0.278000	1.180128
0.279000	1.959498
0.280000	2.632198
0.281000	3.169052
0.282000	3.554994
0.283000	3.786632
0.284000	3.870082
0.285000	3.826044
0.286000	3.713285
0.287000	3.603497
0.288000	3.526418
0.289000	3.471545
0.290000	3.412000
0.291000	3.333876
0.292000	3.266355
0.293000	3.243119
0.294000	3.254414
0.295000	3.263856
0.296000	3.253334
0.297000	3.243783
0.298000	3.245937
0.299000	3.230602
0.300000	3.153289
0.301000	2.974697
0.302000	2.669228
0.303000	2.226753
0.304000	1.652322
0.305000	0.963688
0.306000	0.187726
0.307000	-0.643356
0.308000	-1.495392
0.309000	-2.334522
0.310000	-3.129835
0.311000	-3.854703
0.312000	-4.486919
0.313000	-5.010213
0.314000	-5.415303
0.315000	-5.698293
0.316000	-5.858669
0.317000	-5.898916
0.318000	-5.824270
0.319000	-5.642838
0.320000	-5.366129
0.321000	-5.008998
0.322000	-4.587810
0.323000	-4.117393
0.324000	-3.607879
0.325000	-3.042489
0.326000	-2.377690
0.327000	-1.596120
0.328000	-0.706105
0.329000	0.289277
0.330000	1.361247
0.331000	2.440646
0.332000	3.445938
0.333000	4.304549
0.334000	4.962996
0.335000	5.389795
0.336000	5.580586
0.337000	5.580652
0.338000	5.460764
0.339000	5.260195
0.340000	4.984974
0.341000	4.628862
0.342000	4.186345
0.343000	3.681172
0.344000	3.174039
0.345000	2.708485
0.346000	2.283878
0.347000	1.877772
0.348000	1.463316
0.349000	1.020101
0.350000	0.553728
0.351000	0.113551
0.352000	-0.252289
0.353000	-0.540860
0.354000	-0.777648
0.355000	-0.995415
0.356000	-1.223505
0.357000	-1.483121
0.358000	-1.784155
0.359000	-2.124980
0.360000	-2.495969
0.361000	-2.882447
0.362000	-3.266004
0.363000	-3.627209
0.364000	-3.948090
0.365000	-4.213019
0.366000	-4.410377
0.367000	-4.533016
0.368000	-4.577479
0.369000	-4.544192
0.370000	-4.435605
0.371000	-4.255146
0.372000	-4.009174
0.373000	-3.706201
0.374000	-3.354241
0.375000	-2.960848
0.376000	-2.535177
0.377000	-2.088086
0.378000	-1.623692
0.379000	-1.111442
0.380000	-0.506654
0.381000	0.193768
0.382000	0.952291
0.383000	1.722775
0.384000	2.491877
0.385000	3.266806
0.386000	4.025100
0.387000	4.716140
0.388000	5.285435
0.389000	5.689431
0.390000	5.900994
0.391000	5.909247
0.392000	5.717885
0.393000	5.345940
0.394000	4.850288
0.395000	4.316052
0.396000	3.798459
0.397000	3.308157
0.398000	2.841652
0.399000	2.423975
0.400000	2.093386
0.401000	1.849639
0.402000	1.657859
0.403000	1.472422
0.404000	1.250969
0.405000	0.962068
0.406000	0.588535
0.407000	0.127941
0.408000	-0.408616
0.409000	-0.999717
0.410000	-1.619402
0.411000	-2.242274
0.412000	-2.845054
0.413000	-3.406172
0.414000	-3.905444
0.415000	-4.325494
0.416000	-4.654668
0.417000	-4.887406
0.418000	-5.021965
0.419000	-5.059473
0.420000	-5.003640
0.421000	-4.860553
0.422000	-4.639169
0.423000	-4.349552
0.424000	-3.979279
0.425000	-3.483884
0.426000	-2.839389
0.427000	-2.072450
0.428000	-1.236984
0.429000	-0.392917
0.430000	0.406323
0.431000	1.118808
0.432000	1.715256
0.433000	2.178930
0.434000	2.503935
0.435000	2.693391
0.436000	2.757597
0.437000	2.711449
0.438000	2.572257
0.439000	2.366545
0.440000	2.154111
0.441000	2.002234
0.442000	1.933828
0.443000	1.932691
0.444000	1.967722
0.445000	2.006507
0.446000	2.020993
0.447000	1.990113
0.448000	1.901015
0.449000	1.749941
0.450000	1.561269
0.451000	1.398172
0.452000	1.309689
0.453000	1.293233
0.454000	1.316767
0.455000	1.341266
0.456000	1.332584
0.457000	1.266081
0.458000	1.127451
0.459000	0.912802
0.460000	0.627287
0.461000	0.282192
0.462000	-0.106769
0.463000	-0.521118
0.464000	-0.942326
0.465000	-1.353699
0.466000	-1.739882
0.467000	-2.071376
0.468000	-2.287602
0.469000	-2.339637
0.470000	-2.230642
0.471000	-1.995085
0.472000	-1.652228
0.473000	-1.192234
0.474000	-0.626512
0.475000	-0.006772
0.476000	0.601420
0.477000	1.137453
0.478000	1.554776
0.479000	1.823588
0.480000	1.930876
0.481000	1.878480
0.482000	1.679375
0.483000	1.354295
0.484000	0.929272
0.485000	0.432552
0.486000	-0.107331
0.487000	-0.663232
0.488000	-1.210731
0.489000	-1.728093
0.490000	-2.197361
0.491000	-2.605107
0.492000	-2.926899
0.493000	-3.102699
0.494000	-3.078713
0.495000	-2.857619
0.496000	-2.482062
0.497000	-2.009863
0.498000	-1.499077
0.499000	-0.999690
0.500000	-0.549876
0.501000	-0.175150
0.502000	0.110407
0.503000	0.303410
0.504000	0.409538
0.505000	0.440433
0.506000	0.410887
0.507000	0.336136
0.508000	0.229921
0.509000	0.104067
0.510000	-0.024683
0.511000	-0.110313
0.512000	-0.094496
0.513000	0.041791
0.514000	0.275103
0.515000	0.563023
0.516000	0.860382
0.517000	1.127821
0.518000	1.335462
0.519000	1.464697
0.520000	1.508545
0.521000	1.469475
0.522000	1.358499
0.523000	1.218538
0.524000	1.121281
0.525000	1.108754
0.526000	1.173747
0.527000	1.283765
0.528000	1.397969
0.529000	1.478314
0.530000	1.497067
0.531000	1.439300
0.532000	1.301975
0.533000	1.091432
0.534000	0.819882
0.535000	0.502425
0.536000	0.154703
0.537000	-0.208303
0.538000	-0.572951
0.539000	-0.927151
0.540000	-1.259588
0.541000	-1.558950
0.542000	-1.814298
0.543000	-2.015964
0.544000	-2.157975
0.545000	-2.239998
0.546000	-2.265744
0.547000	-2.241020
0.548000	-2.168676
0.549000	-2.021116
0.550000	-1.747548
0.551000	-1.332569
0.552000	-0.809992
0.553000	-0.234759
0.554000	0.337243
0.555000	0.858325
0.556000	1.292025
0.557000	1.614314
0.558000	1.813973
0.559000	1.891784
0.560000	1.858098
0.561000	1.728918
0.562000	1.523069
0.563000	1.261418
0.564000	0.965003
0.565000	0.651395
0.566000	0.334374
0.567000	0.027119
0.568000	-0.257276
0.569000	-0.508208
0.570000	-0.718733
0.571000	-0.885208
0.572000	-1.006826
0.573000	-1.085063
0.574000	-1.122698
0.575000	-1.123882
0.576000	-1.093628
0.577000	-1.036175
0.578000	-0.954820
0.579000	-0.853411
0.580000	-0.736766
0.581000	-0.609688
0.582000	-0.476307
0.583000	-0.340841
0.584000	-0.208977
0.585000	-0.085526
0.586000	0.028610
0.587000	0.134213
0.588000	0.231349
0.589000	0.320087
0.590000	0.403489
0.591000	0.512866
0.592000	0.702770
0.593000	0.994294
0.594000	1.360424
0.595000	1.752592
0.596000	2.120940
0.597000	2.424350
0.598000	2.633282
0.599000	2.730508
0.600000	2.710628
0.601000	2.578868
0.602000	2.348376
0.603000	2.037119
0.604000	1.664900
0.605000	1.249795
0.606000	0.807348
0.607000	0.352591
0.608000	-0.099620
0.609000	-0.535168
0.610000	-0.941369
0.611000	-1.308146
0.612000	-1.628591
0.613000	-1.898662
0.614000	-2.109148
0.615000	-2.218477
0.616000	-2.173056
0.617000	-1.962614
0.618000	-1.620509
0.619000	-1.199131
0.620000	-0.754040
0.621000	-0.333303
0.622000	0.042311
0.623000	0.401667
0.624000	0.780792
0.625000	1.173966
0.626000	1.547855
0.627000	1.861813
0.628000	2.079044
0.629000	2.174117
0.630000	2.136133
0.631000	1.967227
0.632000	1.679082
0.633000	1.290020
0.634000	0.823164
0.635000	0.303667
0.636000	-0.243344
0.637000	-0.793211
0.638000	-1.315412
0.639000	-1.750489
0.640000	-2.035343
0.641000	-2.153887
0.642000	-2.132136
0.643000	-2.013831
0.644000	-1.844057
0.645000	-1.661446
0.646000	-1.495312
0.647000	-1.365103
0.648000	-1.281479
0.649000	-1.247764
0.650000	-1.261249
0.651000	-1.314441
0.652000	-1.396841
0.653000	-1.497502
0.654000	-1.605911
0.655000	-1.712306
0.656000	-1.808331
0.657000	-1.886172
0.658000	-1.938621
0.659000	-1.960274
0.660000	-1.947048
0.661000	-1.895221
0.662000	-1.782309
0.663000	-1.519824
0.664000	-1.014756
0.665000	-0.268657
0.666000	0.641641
0.667000	1.611868
0.668000	2.539320
0.669000	3.337722
0.670000	3.945193
0.671000	4.326775
0.672000	4.471637
0.673000	4.388207
0.674000	4.099210
0.675000	3.637232
0.676000	3.040817
0.677000	2.351842
0.678000	1.612682
0.679000	0.861649
0.680000	0.132535
0.681000	-0.522329
0.682000	-1.035017
0.683000	-1.371755
0.684000	-1.544900
0.685000	-1.589438
0.686000	-1.547355
0.687000	-1.457619
0.688000	-1.351061
0.689000	-1.246768
0.690000	-1.129678
0.691000	-0.958949
0.692000	-0.695464
0.693000	-0.308035
0.694000	0.195225
0.695000	0.758125
0.696000	1.306564
0.697000	1.771332
0.698000	2.100486
0.699000	2.262762
0.700000	2.248710
0.701000	2.091200
0.702000	1.855048
0.703000	1.583414
0.704000	1.285735
0.705000	0.958047
0.706000	0.594586
0.707000	0.193200
0.708000	-0.243774
0.709000	-0.710186
0.710000	-1.195964
0.711000	-1.687864
0.712000	-2.170517
0.713000	-2.628240
0.714000	-3.046322
0.715000	-3.411616
0.716000	-3.713485
0.717000	-3.943314
0.718000	-4.093941
0.719000	-4.161447
0.720000	-4.147646
0.721000	-4.059311
0.722000	-3.904349
0.723000	-3.689396
0.724000	-3.417118
0.725000	-3.065068
0.726000	-2.591567
0.727000	-1.983260
0.728000	-1.243080
0.729000	-0.363502
0.730000	0.631480
0.731000	1.669960
0.732000	2.671959
0.733000	3.595600
0.734000	4.426813
0.735000	5.136155
0.736000	5.681790
0.737000	6.026747
0.738000	6.146471
0.739000	6.032750
0.740000	5.694883
0.741000	5.155482
0.742000	4.445183
0.743000	3.601002
0.744000	2.664307
0.745000	1.677639
0.746000	0.681976
0.747000	-0.274237
0.748000	-1.116034
0.749000	-1.775844
0.750000	-2.236984
0.751000	-2.521200
0.752000	-2.666484
0.753000	-2.713483
0.754000	-2.699003
0.755000	-2.652870
0.756000	-2.596215
0.757000	-2.537733
0.758000	-2.454188
0.759000	-2.301415
0.760000	-2.061807
0.761000	-1.745324
0.762000	-1.346946
0.763000	-0.857338
0.764000	-0.302043
0.765000	0.267500
0.766000	0.796847
0.767000	1.240084
0.768000	1.564682
0.769000	1.770321
0.770000	1.906527
0.771000	2.022943
0.772000	2.123061
0.773000	2.188217
0.774000	2.222713
0.775000	2.246980
0.776000	2.256091
0.777000	2.222252
0.778000	2.112621
0.779000	1.899276
0.780000	1.566606
0.781000	1.115705
0.782000	0.562216
0.783000	-0.069052
0.784000	-0.748355
0.785000	-1.444894
0.786000	-2.128703
0.787000	-2.770739
0.788000	-3.344653
0.789000	-3.830303
0.790000	-4.215723
0.791000	-4.495084
0.792000	-4.650222
0.793000	-4.638228
0.794000	-4.432528
0.795000	-4.052209
0.796000	-3.542899
0.797000	-2.950543
0.798000	-2.284156
0.799000	-1.534786
0.800000	-0.726648
0.801000	0.096935
0.802000	0.915853
0.803000	1.717599
0.804000	2.463374
0.805000	3.100938
0.806000	3.584200
0.807000	3.882792
0.808000	3.983666
0.809000	3.888642
0.810000	3.612078
0.811000	3.177787
0.812000	2.615957
0.813000	1.960398
0.814000	1.246177
0.815000	0.507854
0.816000	-0.222571
0.817000	-0.915673
0.818000	-1.543475
0.819000	-2.066094
0.820000	-2.426171
0.821000	-2.588507
0.822000	-2.563184
0.823000	-2.386271
0.824000	-2.102578
0.825000	-1.756108
0.826000	-1.385131
0.827000	-1.002742
0.828000	-0.592068
0.829000	-0.130537
0.830000	0.401126
0.831000	0.996816
0.832000	1.612093
0.833000	2.187319
0.834000	2.665921
0.835000	3.006445
0.836000	3.212236
0.837000	3.333522
0.838000	3.407309
0.839000	3.432137
0.840000	3.389336
0.841000	3.257197
0.842000	3.019343
0.843000	2.669331
0.844000	2.210712
0.845000	1.660011
0.846000	1.066255
0.847000	0.493979
0.848000	-0.022731
0.849000	-0.482696
0.850000	-0.898952
0.851000	-1.286710
0.852000	-1.657820
0.853000	-2.019590
0.854000	-2.373416
0.855000	-2.714868
0.856000	-3.036140
0.857000	-3.327037
0.858000	-3.575719
0.859000	-3.771503
0.860000	-3.907511
0.861000	-3.980008
0.862000	-3.987411
0.863000	-3.929998
0.864000	-3.808403
0.865000	-3.624173
0.866000	-3.380988
0.867000	-3.065702
0.868000	-2.628408
0.869000	-2.010518
0.870000	-1.199105
0.871000	-0.242556
0.872000	0.775621
0.873000	1.764867
0.874000	2.646182
0.875000	3.362114
0.876000	3.878695
0.877000	4.183573
0.878000	4.287419
0.879000	4.247290
0.880000	4.148166
0.881000	4.038273
0.882000	3.918523
0.883000	3.768818
0.884000	3.565773
0.885000	3.291060
0.886000	2.935718
0.887000	2.517505
0.888000	2.087847
0.889000	1.689525
0.890000	1.329009
0.891000	0.991358
0.892000	0.655347
0.893000	0.304132
0.894000	-0.070348
0.895000	-0.467664
0.896000	-0.874875
0.897000	-1.251204
0.898000	-1.549748
0.899000	-1.756386
0.900000	-1.885081
0.901000	-1.952108
0.902000	-1.947014
0.903000	-1.851429
0.904000	-1.655530
0.905000	-1.339723
0.906000	-0.909651
0.907000	-0.417560
0.908000	0.067880
0.909000	0.482892
0.910000	0.780681
0.911000	0.955676
0.912000	1.038354
0.913000	1.048783
0.914000	0.984051
0.915000	0.836225
0.916000	0.602501
0.917000	0.286571
0.918000	-0.103050
0.919000	-0.553711
0.920000	-1.048682
0.921000	-1.567637
0.922000	-2.087610
0.923000	-2.585681
0.924000	-3.042022
0.925000	-3.439686
0.926000	-3.764413
0.927000	-4.005678
0.928000	-4.157957
0.929000	-4.221412
0.930000	-4.199513
0.931000	-4.097410
0.932000	-3.922071
0.933000	-3.681518
0.934000	-3.384312
0.935000	-3.038374
0.936000	-2.634383
0.937000	-2.136741
0.938000	-1.523685
0.939000	-0.814757
0.940000	-0.052887
0.941000	0.713874
0.942000	1.450121
0.943000	2.178049
0.944000	2.961093
0.945000	3.813182
0.946000	4.681003
0.947000	5.485376
0.948000	6.149916
0.949000	6.615366
0.950000	6.843579
0.951000	6.817210
0.952000	6.539049
0.953000	6.029351
0.954000	5.321647
0.955000	4.458094
0.956000	3.485341
0.957000	2.451229
0.958000	1.400839
0.959000	0.374364
0.960000	-0.594662
0.961000	-1.480543
0.962000	-2.263655
0.963000	-2.928153
0.964000	-3.462815
0.965000	-3.863827
0.966000	-4.134405
0.967000	-4.279221
0.968000	-4.285560
0.969000	-4.132354
0.970000	-3.824121
0.971000	-3.392102
0.972000	-2.878355
0.973000	-2.311151
0.974000	-1.670977
0.975000	-0.917100
0.976000	-0.055821
0.977000	0.853490
0.978000	1.733391
0.979000	2.511348
0.980000	3.129327
0.981000	3.550477
0.982000	3.781468
0.983000	3.890210
0.984000	3.963199
0.985000	4.035317
0.986000	4.083214
0.987000	4.061275
0.988000	3.925444
0.989000	3.645117
0.990000	3.206551
0.991000	2.611843
0.992000	1.876781
0.993000	1.028841
0.994000	0.103655
0.995000	-0.859246
0.996000	-1.819502
0.997000	-2.739308
0.998000	-3.586986
0.999000	-4.337172
1.000000	-4.970446
1.001000	-5.473670
1.002000	-5.838702
1.003000	-6.061605
1.004000	-6.142757
1.005000	-6.088305
1.006000	-5.910257
1.007000	-5.623444
1.008000	-5.238794
1.009000	-4.744592
1.010000	-4.120192
1.011000	-3.357713
1.012000	-2.461912
1.013000	-1.467710
1.014000	-0.439141
1.015000	0.555037
1.016000	1.477049
1.017000	2.328931
1.018000	3.107572
1.019000	3.784725
1.020000	4.324183
1.021000	4.694677
1.022000	4.877687
1.023000	4.867963
1.024000	4.672109
1.025000	4.307336
1.026000	3.798629
1.027000	3.177744
1.028000	2.481417
1.029000	1.746431
1.030000	1.007407
1.031000	0.296043
1.032000	-0.362657
1.033000	-0.951693
1.034000	-1.459466
1.035000	-1.878173
1.036000	-2.203364
1.037000	-2.423871
1.038000	-2.512144
1.039000	-2.449374
1.040000	-2.247570
1.041000	-1.939512
1.042000	-1.565402
1.043000	-1.151137
1.044000	-0.694157
1.045000	-0.193758
1.046000	0.325289
1.047000	0.835930
1.048000	1.341495
1.049000	1.854464
1.050000	2.358476
1.051000	2.817641
1.052000	3.213991
1.053000	3.566795
1.054000	3.894025
1.055000	4.199102
1.056000	4.470006
1.057000	4.666946
1.058000	4.741356
1.059000	4.653173
1.060000	4.377742
1.061000	3.908947
1.062000	3.258885
1.063000	2.453219
1.064000	1.525790
1.065000	0.514992
1.066000	-0.538327
1.067000	-1.593631
1.068000	-2.614347
1.069000	-3.568196
1.070000	-4.425431
1.071000	-5.159515
1.072000	-5.749060
1.073000	-6.180018
1.074000	-6.446668
1.075000	-6.552124
1.076000	-6.506755
1.077000	-6.323503
1.078000	-6.002936
1.079000	-5.526099
1.080000	-4.873719
1.081000	-4.043355
1.082000	-3.067030
1.083000	-2.011092
1.084000	-0.951794
1.085000	0.041721
1.086000	0.921814
1.087000	1.687705
1.088000	2.366819
1.089000	2.963286
1.090000	3.456101
1.091000	3.819728
1.092000	4.034426
1.093000	4.090406
1.094000	3.989373
1.095000	3.743682
1.096000	3.373854
1.097000	2.906833
1.098000	2.372957
1.099000	1.802118
1.100000	1.222081
1.101000	0.656751
1.102000	0.125168
1.103000	-0.359105
1.104000	-0.787796
1.105000	-1.154728
1.106000	-1.454452
1.107000	-1.684931
1.108000	-1.849306
1.109000	-1.953591
1.110000	-2.004895
1.111000	-2.010053
1.112000	-1.973188
1.113000	-1.884828
1.114000	-1.718842
1.115000	-1.460704
1.116000	-1.112239
1.117000	-0.645614
1.118000	-0.020022
1.119000	0.748782
1.120000	1.587624
1.121000	2.411493
1.122000	3.165423
1.123000	3.818219
1.124000	4.332942
1.125000	4.670803
1.126000	4.804414
1.127000	4.723496
1.128000	4.433505
1.129000	3.953546
1.130000	3.313923
1.131000	2.550487
1.132000	1.700513
1.133000	0.801420
1.134000	-0.111016
1.135000	-1.003074
1.136000	-1.843099
1.137000	-2.604046
1.138000	-3.265454
1.139000	-3.814166
1.140000	-4.242845
1.141000	-4.548547
1.142000	-4.733178
1.143000	-4.802487
1.144000	-4.763938
1.145000	-4.625417
1.146000	-4.389554
1.147000	-4.022869
1.148000	-3.471276
1.149000	-2.728420
1.150000	-1.844609
1.151000	-0.890909
1.152000	0.084441
1.153000	1.060946
1.154000	2.004796
1.155000	2.860216
1.156000	3.570742
1.157000	4.093128
1.158000	4.401605
1.159000	4.488449
1.160000	4.362502
1.161000	4.045947
1.162000	3.571140
1.163000	2.977048
1.164000	2.304979
1.165000	1.593534
1.166000	0.875188
1.167000	0.175612
1.168000	-0.485479
1.169000	-1.093429
1.170000	-1.636907
1.171000	-2.105331
1.172000	-2.489178
1.173000	-2.782159
1.174000	-2.981561
1.175000	-3.088537
1.176000	-3.109143
1.177000	-3.051707
1.178000	-2.923345
1.179000	-2.722291
1.180000	-2.421956
1.181000	-1.982697
1.182000	-1.396461
1.183000	-0.701437
1.184000	0.041354
1.185000	0.772232
1.186000	1.461274
1.187000	2.108141
1.188000	2.726136
1.189000	3.331887
1.190000	3.912672
1.191000	4.421719
1.192000	4.803529
1.193000	5.009674
1.194000	5.009582
1.195000	4.796289
1.196000	4.382295
1.197000	3.792915
1.198000	3.062823
1.199000	2.232151
1.200000	1.340751
1.201000	0.423781
1.202000	-0.487359
1.203000	-1.364468
1.204000	-2.184515
1.205000	-2.928386
1.206000	-3.579177
1.207000	-4.123299
1.208000	-4.551307
1.209000	-4.857184
1.210000	-5.039217
1.211000	-5.100394
1.212000	-5.046935
1.213000	-4.887050
1.214000	-4.632025
1.215000	-4.297962
1.216000	-3.903838
1.217000	-3.468776
1.218000	-3.010175
1.219000	-2.540044
1.220000	-2.048164
1.221000	-1.511700
1.222000	-0.916973
1.223000	-0.257059
1.224000	0.454302
1.225000	1.178005
1.226000	1.866037
1.227000	2.480401
1.228000	3.021024
1.229000	3.507890
1.230000	3.938533
1.231000	4.289207
1.232000	4.530646
1.233000	4.638011
1.234000	4.598795
1.235000	4.413812
1.236000	4.092363
1.237000	3.650627
1.238000	3.111170
1.239000	2.499868
1.240000	1.843200
1.241000	1.166842
1.242000	0.494853
1.243000	-0.151143
1.244000	-0.753276
1.245000	-1.296874
1.246000	-1.770315
1.247000	-2.167071
1.248000	-2.486578
1.249000	-2.731354
1.250000	-2.903906
1.251000	-3.006208
1.252000	-3.039438
1.253000	-3.004374
1.254000	-2.894846
1.255000	-2.678431
1.256000	-2.321909
1.257000	-1.834688
1.258000	-1.259146
1.259000	-0.646563
1.260000	-0.037462
1.261000	0.558816
1.262000	1.144281
1.263000	1.700451
1.264000	2.194914
1.265000	2.595268
1.266000	2.875794
1.267000	3.021244
1.268000	3.028851
1.269000	2.906560
1.270000	2.669149
1.271000	2.334012
1.272000	1.919386
1.273000	1.445777
1.274000	0.936756
1.275000	0.416473
1.276000	-0.093407
1.277000	-0.574049
1.278000	-1.010543
1.279000	-1.392371
1.280000	-1.712801
1.281000	-1.969247
1.282000	-2.161309
1.283000	-2.282484
1.284000	-2.309478
1.285000	-2.222026
1.286000	-2.028321
1.287000	-1.757638
1.288000	-1.444941
1.289000	-1.113222
1.290000	-0.761909
1.291000	-0.388857
1.292000	-0.010042
1.293000	0.350251
1.294000	0.669565
1.295000	0.946534
1.296000	1.204275
1.297000	1.454742
1.298000	1.683196
1.299000	1.864083
1.300000	1.972357
1.301000	1.988407
1.302000	1.902208
1.303000	1.714997
1.304000	1.438177
1.305000	1.090578
1.306000	0.693881
1.307000	0.270386
1.308000	-0.157147
1.309000	-0.568089
1.310000	-0.946026
1.311000	-1.278491
1.312000	-1.555903
1.313000	-1.770579
1.314000	-1.919112
1.315000	-2.003561
1.316000	-2.028357
1.317000	-1.999577
1.318000	-1.925690
1.319000	-1.815845
1.320000	-1.677128
1.321000	-1.513810
1.322000	-1.329346
1.323000	-1.127828
1.324000	-0.906223
1.325000	-0.644013
1.326000	-0.322618
1.327000	0.066323
1.328000	0.524518
1.329000	1.029836
1.330000	1.539692
1.331000	2.009204
1.332000	2.414896
1.333000	2.767448
1.334000	3.077319
1.335000	3.330455
1.336000	3.501848
1.337000	3.567290
1.338000	3.510278
1.339000	3.324781
1.340000	3.016056
1.341000	2.596890
1.342000	2.084010
1.343000	1.497862
1.344000	0.862778
1.345000	0.206897
1.346000	-0.441258
1.347000	-1.056195
1.348000	-1.617592
1.349000	-2.112774
1.350000	-2.536237
1.351000	-2.885684
1.352000	-3.159432
1.353000	-3.357066
1.354000	-3.479913
1.355000	-3.531070
1.356000	-3.516567
1.357000	-3.444604
1.358000	-3.322795
1.359000	-3.156039
1.360000	-2.930635
1.361000	-2.597278
1.362000	-2.113907
1.363000	-1.486918
1.364000	-0.734163
1.365000	0.126745
1.366000	1.046159
1.367000	1.948052
1.368000	2.757636
1.369000	3.416546
1.370000	3.886641
1.371000	4.147733
1.372000	4.194497
1.373000	4.035542
1.374000	3.692820
1.375000	3.199231
1.376000	2.593630
1.377000	1.914815
1.378000	1.198752
1.379000	0.477251
1.380000	-0.224308
1.381000	-0.885975
1.382000	-1.489962
1.383000	-2.020543
1.384000	-2.465349
1.385000	-2.816312
1.386000	-3.070908
1.387000	-3.231595
1.388000	-3.302730
1.389000	-3.289153
1.390000	-3.197820
1.391000	-3.037932
1.392000	-2.819768
1.393000	-2.555549
1.394000	-2.259224
1.395000	-1.942507
1.396000	-1.612649
1.397000	-1.275353
1.398000	-0.937730
1.399000	-0.608527
1.400000	-0.285472
1.401000	0.057994
1.402000	0.444217
1.403000	0.866444
1.404000	1.301572
1.405000	1.721269
1.406000	2.097277
1.407000	2.406859
1.408000	2.634578
1.409000	2.770394
1.410000	2.810862
1.411000	2.759968
1.412000	2.627080
1.413000	2.425878
1.414000	2.172095
1.415000	1.879322
1.416000	1.559817
1.417000	1.227460
1.418000	0.896592
1.419000	0.580972
1.420000	0.292334
1.421000	0.037428
1.422000	-0.181837
1.423000	-0.366324
1.424000	-0.518741
1.425000	-0.636098
1.426000	-0.695667
1.427000	-0.672114
1.428000	-0.564817
1.429000	-0.393154
1.430000	-0.184099
1.431000	0.034244
1.432000	0.235574
1.433000	0.398482
1.434000	0.510573
1.435000	0.581136
1.436000	0.649289
1.437000	0.749535
1.438000	0.882458
1.439000	1.027496
1.440000	1.158841
1.441000	1.251481
1.442000	1.283032
1.443000	1.238981
1.444000	1.115942
1.445000	0.919362
1.446000	0.660996
1.447000	0.357448
1.448000	0.028092
1.449000	-0.308115
1.450000	-0.634901
1.451000	-0.939375
1.452000	-1.211450
1.453000	-1.443644
1.454000	-1.631468
1.455000	-1.772778
1.456000	-1.867188
1.457000	-1.910608
1.458000	-1.882649
1.459000	-1.763678
1.460000	-1.561167
1.461000	-1.302039
1.462000	-1.016957
1.463000	-0.733191
1.464000	-0.472627
1.465000	-0.251517
1.466000	-0.081499
1.467000	0.031003
1.468000	0.085863
1.469000	0.088684
1.470000	0.048621
1.471000	-0.024144
1.472000	-0.118130
1.473000	-0.204481
1.474000	-0.234860
1.475000	-0.181093
1.476000	-0.053314
1.477000	0.118659
1.478000	0.301494
1.479000	0.467023
1.480000	0.594437
1.481000	0.670141
1.482000	0.687327
1.483000	0.645080
1.484000	0.547283
1.485000	0.402798
1.486000	0.225575
1.487000	0.031147
1.488000	-0.165351
1.489000	-0.349136
1.490000	-0.507648
1.491000	-0.632348
1.492000	-0.719046
1.493000	-0.767780
1.494000	-0.782786
1.495000	-0.769785
1.496000	-0.733029
1.497000	-0.675913
1.498000	-0.601722
1.499000	-0.513943
1.500000	-0.413549
1.501000	-0.283280
1.502000	-0.099845
1.503000	0.135401
1.504000	0.398973
1.505000	0.661180
1.506000	0.896092
1.507000	1.086299
1.508000	1.242842
1.509000	1.402794
1.510000	1.583504
1.511000	1.769008
1.512000	1.932356
1.513000	2.048818
1.514000	2.098618
1.515000	2.068202
1.516000	1.951515
1.517000	1.751053
1.518000	1.476587
1.519000	1.141161
1.520000	0.758817
1.521000	0.343558
1.522000	-0.089684
1.523000	-0.524633
1.524000	-0.944924
1.525000	-1.335285
1.526000	-1.683166
1.527000	-1.979070
1.528000	-2.217032
1.529000	-2.394003
1.530000	-2.509358
1.531000	-2.564620
1.532000	-2.561269
1.533000	-2.501671
1.534000	-2.390734
1.535000	-2.233110
1.536000	-2.017987
1.537000	-1.720615
1.538000	-1.335486
1.539000	-0.885136
1.540000	-0.403873
1.541000	0.072091
1.542000	0.510300
1.543000	0.884764
1.544000	1.178451
1.545000	1.383932
1.546000	1.501374
1.547000	1.537824
1.548000	1.505538
1.549000	1.417957
1.550000	1.287959
1.551000	1.128569
1.552000	0.951308
1.553000	0.765763
1.554000	0.581699
1.555000	0.408224
1.556000	0.250854
1.557000	0.111588
1.558000	-0.008430
1.559000	-0.108063
1.560000	-0.186025
1.561000	-0.242783
1.562000	-0.283442
1.563000	-0.315441
1.564000	-0.343881
1.565000	-0.370280
1.566000	-0.394028
1.567000	-0.413744
1.568000	-0.427729
1.569000	-0.434031
1.570000	-0.430345
1.571000	-0.412750
1.572000	-0.360687
1.573000	-0.240062
1.574000	-0.037671
1.575000	0.229624
1.576000	0.531344
1.577000	0.835632
1.578000	1.115634
1.579000	1.352242
1.580000	1.532638
1.581000	1.647401
1.582000	1.690489
1.583000	1.660466
1.584000	1.560328
1.585000	1.396554
1.586000	1.178912
1.587000	0.919975
1.588000	0.632011
1.589000	0.327200
1.590000	0.019051
1.591000	-0.280528
1.592000	-0.562664
1.593000	-0.820176
1.594000	-1.046537
1.595000	-1.236046
1.596000	-1.385220
1.597000	-1.492568
1.598000	-1.556915
1.599000	-1.578006
1.600000	-1.557892
1.601000	-1.500089
1.602000	-1.409074
1.603000	-1.291132
1.604000	-1.152062
1.605000	-0.996291
1.606000	-0.829182
1.607000	-0.657354
1.608000	-0.487843
1.609000	-0.327895
1.610000	-0.183416
1.611000	-0.052171
1.612000	0.093446
1.613000	0.289147
1.614000	0.540454
1.615000	0.824453
1.616000	1.107135
1.617000	1.355707
1.618000	1.545939
1.619000	1.663629
1.620000	1.704816
1.621000	1.673999
1.622000	1.579464
1.623000	1.429630
1.624000	1.232904
1.625000	1.000788
1.626000	0.747439
1.627000	0.486297
1.628000	0.230152
1.629000	-0.009236
1.630000	-0.222801
1.631000	-0.405066
1.632000	-0.555586
1.633000	-0.677177
1.634000	-0.771656
1.635000	-0.840071
1.636000	-0.883783
1.637000	-0.904227
1.638000	-0.902876
1.639000	-0.881028
1.640000	-0.841403
1.641000	-0.787368
1.642000	-0.706640
1.643000	-0.573364
1.644000	-0.377973
1.645000	-0.135040
1.646000	0.129711
1.647000	0.390375
1.648000	0.624831
1.649000	0.814847
1.650000	0.946513
1.651000	1.012182
1.652000	1.012323
1.653000	0.954462
1.654000	0.849522
1.655000	0.709186
1.656000	0.543815
1.657000	0.362092
1.658000	0.171664
1.659000	-0.021723
1.660000	-0.213706
1.661000	-0.399490
1.662000	-0.574975
1.663000	-0.738445
1.664000	-0.888782
1.665000	-1.021976
1.666000	-1.129820
1.667000	-1.202326
1.668000	-1.232057
1.669000	-1.219525
1.670000	-1.172555
1.671000	-1.099398
1.672000	-1.006481
1.673000	-0.898277
1.674000	-0.776012
1.675000	-0.639832
1.676000	-0.491025
1.677000	-0.331333
1.678000	-0.162555
1.679000	0.010361
1.680000	0.177717
1.681000	0.331250
1.682000	0.483357
1.683000	0.661655
1.684000	0.876831
1.685000	1.115887
1.686000	1.353656
1.687000	1.562762
1.688000	1.719981
1.689000	1.810044
1.690000	1.827697
1.691000	1.775361
1.692000	1.658684
1.693000	1.485443
1.694000	1.266882
1.695000	1.017462
1.696000	0.752318
1.697000	0.484838
1.698000	0.225661
1.699000	-0.017882
1.700000	-0.242353
1.701000	-0.447572
1.702000	-0.634828
1.703000	-0.805253
1.704000	-0.958738
1.705000	-1.093925
1.706000	-1.209158
1.707000	-1.302710
1.708000	-1.371940
1.709000	-1.414124
1.710000	-1.427208
1.711000	-1.410514
1.712000	-1.365770
1.713000	-1.294805
1.714000	-1.192908
1.715000	-1.035304
1.716000	-0.796033
1.717000	-0.481047
1.718000	-0.121966
1.719000	0.242354
1.720000	0.577518
1.721000	0.859645
1.722000	1.075183
1.723000	1.218697
1.724000	1.289796
1.725000	1.290153
1.726000	1.224834
1.727000	1.103448
1.728000	0.938282
1.729000	0.742151
1.730000	0.526412
1.731000	0.299505
1.732000	0.067723
1.733000	-0.161834
1.734000	-0.380320
1.735000	-0.579612
1.736000	-0.755402
1.737000	-0.906766
1.738000	-1.033618
1.739000	-1.135153
1.740000	-1.208080
1.741000	-1.247634
1.742000	-1.251372
1.743000	-1.221489
1.744000	-1.164147
1.745000	-1.086664
1.746000	-0.995405
1.747000	-0.894645
1.748000	-0.785720
1.749000	-0.667472
1.750000	-0.539708
1.751000	-0.405096
1.752000	-0.266327
1.753000	-0.124858
1.754000	0.015890
1.755000	0.149107
1.756000	0.269242
1.757000	0.374285
1.758000	0.465201
1.759000	0.544807
1.760000	0.614565
1.761000	0.673181
1.762000	0.718027
1.763000	0.747467
1.764000	0.760836
1.765000	0.757591
1.766000	0.737831
1.767000	0.701905
1.768000	0.649597
1.769000	0.582084
1.770000	0.504010
1.771000	0.421587
1.772000	0.340127
1.773000	0.264757
1.774000	0.201927
1.775000	0.158491
1.776000	0.137423
1.777000	0.136359
1.778000	0.152136
1.779000	0.182991
1.780000	0.226503
1.781000	0.277309
1.782000	0.328028
1.783000	0.372977
1.784000	0.408403
1.785000	0.431040
1.786000	0.438844
1.787000	0.432397
1.788000	0.414022
1.789000	0.386203
1.790000	0.350857
1.791000	0.309308
1.792000	0.262404
1.793000	0.209606
1.794000	0.150826
1.795000	0.088439
1.796000	0.027529
1.797000	-0.026725
1.798000	-0.072545
1.799000	-0.108834
1.800000	-0.132662
1.801000	-0.141695
1.802000	-0.135957
1.803000	-0.118094
1.804000	-0.092827
1.805000	-0.065104
1.806000	-0.039707
1.807000	-0.021447
1.808000	-0.013167
1.809000	-0.015124
1.810000	-0.027050
1.811000	-0.049347
1.812000	-0.081229
1.813000	-0.118356
1.814000	-0.152820
1.815000	-0.176900
1.816000	-0.187841
1.817000	-0.186352
1.818000	-0.174055
1.819000	-0.153527
1.820000	-0.128807
1.821000	-0.104576
1.822000	-0.083582
1.823000	-0.067487
1.824000	-0.057622
1.825000	-0.054069
1.826000	-0.055364
1.827000	-0.059208
1.828000	-0.063362
1.829000	-0.065013
1.830000	-0.062185
1.831000	-0.055676
1.832000	-0.047662
1.833000	-0.040328
1.834000	-0.036095
1.835000	-0.037035
1.836000	-0.044255
1.837000	-0.058870
1.838000	-0.081424
1.839000	-0.109540
1.840000	-0.138321
1.841000	-0.162331
1.842000	-0.177243
1.843000	-0.180923
1.844000	-0.172091
1.845000	-0.149415
1.846000	-0.113810
1.847000	-0.069841
1.848000	-0.022232
1.849000	0.026670
1.850000	0.075360
1.851000	0.122548
1.852000	0.167473
1.853000	0.208401
1.854000	0.241982
1.855000	0.264758
1.856000	0.274415
1.857000	0.270458
1.858000	0.253688
1.859000	0.226483
1.860000	0.192117
1.861000	0.153092
1.862000	0.111887
1.863000	0.071398
1.864000	0.034359
1.865000	0.003096
1.866000	-0.021908
1.867000	-0.042902
1.868000	-0.062839
1.869000	-0.084705
1.870000	-0.111236
1.871000	-0.143043
1.872000	-0.180353
1.873000	-0.223458
1.874000	-0.270120
1.875000	-0.315964
1.876000	-0.355093
1.877000	-0.381965
1.878000	-0.394577
1.879000	-0.394378
1.880000	-0.384778
1.881000	-0.369308
1.882000	-0.348882
1.883000	-0.321716
1.884000	-0.284930
1.885000	-0.236673
1.886000	-0.177604
1.887000	-0.109910
1.888000	-0.035585
1.889000	0.044660
1.890000	0.129914
1.891000	0.218654
1.892000	0.308650
1.893000	0.394939
1.894000	0.471021
1.895000	0.531413
1.896000	0.572379
1.897000	0.591729
1.898000	0.589114
1.899000	0.566079
1.900000	0.524940
1.901000	0.468153
1.902000	0.398953
1.903000	0.322333
1.904000	0.244408
1.905000	0.171211
1.906000	0.106799
1.907000	0.051158
1.908000	0.001728
1.909000	-0.043725
1.910000	-0.086079
1.911000	-0.125380
1.912000	-0.162009
1.913000	-0.196435
1.914000	-0.228152
1.915000	-0.257217
1.916000	-0.284380
1.917000	-0.310091
1.918000	-0.335651
1.919000	-0.362991
1.920000	-0.393218
1.921000	-0.425923
1.922000	-0.458525
1.923000	-0.486646
1.924000	-0.506452
1.925000	-0.515103
1.926000	-0.509722
1.927000	-0.488466
1.928000	-0.451694
1.929000	-0.400564
1.930000	-0.336564
1.931000	-0.262202
1.932000	-0.182236
1.933000	-0.104074
1.934000	-0.034371
1.935000	0.023556
1.936000	0.069070
1.937000	0.102180
1.938000	0.123101
1.939000	0.133891
1.940000	0.137902
1.941000	0.138579
1.942000	0.139945
1.943000	0.146008
1.944000	0.159382
1.945000	0.181649
1.946000	0.214354
1.947000	0.257613
1.948000	0.307828
1.949000	0.358488
1.950000	0.403855
1.951000	0.440415
1.952000	0.466447
1.953000	0.481324
1.954000	0.483736
1.955000	0.471812
1.956000	0.444430
1.957000	0.402654
1.958000	0.349522
1.959000	0.287768
1.960000	0.218100
1.961000	0.139394
1.962000	0.052652
1.963000	-0.037452
1.964000	-0.125610
1.965000	-0.206706
1.966000	-0.276297
1.967000	-0.332403
1.968000	-0.374990
1.969000	-0.404524
1.970000	-0.420472
1.971000	-0.419640
1.972000	-0.397451
1.973000	-0.352522
1.974000	-0.290458
1.975000	-0.220193
1.976000	-0.147869
1.977000	-0.077998
1.978000	-0.015071
1.979000	0.036901
1.980000	0.074930
1.981000	0.098154
1.982000	0.107864
1.983000	0.105376
1.984000	0.089845
1.985000	0.061588
1.986000	0.024979
1.987000	-0.012839
1.988000	-0.044116
1.989000	-0.065736
1.990000	-0.078484
1.991000	-0.081260
1.992000	-0.072746
1.993000	-0.053314
1.994000	-0.023113
1.995000	0.017784
1.996000	0.065786
1.997000	0.114066
1.998000	0.154655
1.999000	0.179090
2.000000	0.182596
2.001000	0.166074
2.002000	0.133794
2.003000	0.092627
2.004000	0.050934
2.005000	0.015843
2.006000	-0.008705
2.007000	-0.021095
2.008000	-0.018289
2.009000	0.003694
2.010000	0.045323
2.011000	0.101721
2.012000	0.163771
2.013000	0.222398
2.014000	0.272877
2.015000	0.312789
2.016000	0.338243
2.017000	0.346072
2.018000	0.336930
2.019000	0.314136
2.020000	0.279876
2.021000	0.232614
2.022000	0.170878
2.023000	0.097613
2.024000	0.018933
2.025000	-0.058635
2.026000	-0.129363
2.027000	-0.188916
2.028000	-0.235472
2.029000	-0.269801
2.030000	-0.294251
2.031000	-0.311441
2.032000	-0.324174
2.033000	-0.335292
2.034000	-0.346550
2.035000	-0.357508
2.036000	-0.365616
2.037000	-0.368092
2.038000	-0.362736
2.039000	-0.349725
2.040000	-0.332348
2.041000	-0.314313
2.042000	-0.297652
2.043000	-0.282197
2.044000	-0.265182
2.045000	-0.241437
2.046000	-0.206649
2.047000	-0.160613
2.048000	-0.105579
2.049000	-0.044502
2.050000	0.018250
2.051000	0.078527
2.052000	0.133758
2.053000	0.182390
2.054000	0.223753
2.055000	0.257036
2.056000	0.280652
2.057000	0.292726
2.058000	0.291404
2.059000	0.275477
2.060000	0.245186
2.061000	0.202368
2.062000	0.149820
2.063000	0.090940
2.064000	0.029991
2.065000	-0.027935
2.066000	-0.078984
2.067000	-0.121322
2.068000	-0.152647
2.069000	-0.170474
2.070000	-0.173640
2.071000	-0.161923
2.072000	-0.136343
2.073000	-0.098494
2.074000	-0.049971
2.075000	0.006470
2.076000	0.066742
2.077000	0.126008
2.078000	0.179432
2.079000	0.224384
2.080000	0.260354
2.081000	0.287001
2.082000	0.303810
2.083000	0.310647
2.084000	0.308059
2.085000	0.295563
2.086000	0.272258
2.087000	0.240469
2.088000	0.204280
2.089000	0.166371
2.090000	0.127772
2.091000	0.088842
2.092000	0.051515
2.093000	0.018308
2.094000	0.002956
