0.000000	0.000000
0.001000	0.004147
0.002000	0.050208
0.003000	0.200125
0.004000	0.475839
0.005000	0.846613
0.006000	1.258558
0.007000	1.654865
0.008000	1.986881
0.009000	2.219176
0.010000	2.330856
0.011000	2.314371
0.012000	2.173394
0.013000	1.920380
0.014000	1.573685
0.015000	1.155135
0.016000	0.688267
0.017000	0.196571
0.018000	-0.298098
0.019000	-0.776647
0.020000	-1.223419
0.021000	-1.626142
0.022000	-1.975562
0.023000	-2.262678
0.024000	-2.450178
0.025000	-2.472892
0.026000	-2.302217
0.027000	-1.968060
0.028000	-1.528606
0.029000	-1.047792
0.030000	-0.582722
0.031000	-0.177813
0.032000	0.136946
0.033000	0.345210
0.034000	0.442449
0.035000	0.433836
0.036000	0.331929
0.037000	0.154106
0.038000	-0.079847
0.039000	-0.349579
0.040000	-0.635509
0.041000	-0.919655
0.042000	-1.186460
0.043000	-1.423586
0.044000	-1.622052
0.045000	-1.775696
0.046000	-1.864884
0.047000	-1.830878
0.048000	-1.621754
0.049000	-1.246251
0.050000	-0.754823
0.051000	-0.211720
0.052000	0.321988
0.053000	0.796918
0.054000	1.177926
0.055000	1.443730
0.056000	1.585720
0.057000	1.606387
0.058000	1.516812
0.059000	1.333691
0.060000	1.076865
0.061000	0.767474
0.062000	0.426594
0.063000	0.074044
0.064000	-0.272504
0.065000	-0.597961
0.066000	-0.890257
0.067000	-1.140652
0.068000	-1.343624
0.069000	-1.496406
0.070000	-1.598467
0.071000	-1.637277
0.072000	-1.556270
0.073000	-1.272283
0.074000	-0.732346
0.075000	0.043972
0.076000	0.968236
0.077000	1.927922
0.078000	2.816788
0.079000	3.549664
0.080000	4.068120
0.081000	4.341032
0.082000	4.361882
0.083000	4.144261
0.084000	3.716781
0.085000	3.117778
0.086000	2.390458
0.087000	1.578617
0.088000	0.724062
0.089000	-0.134689
0.090000	-0.963874
0.091000	-1.726278
0.092000	-2.348221
0.093000	-2.748229
0.094000	-2.905646
0.095000	-2.856593
0.096000	-2.661131
0.097000	-2.383134
0.098000	-2.079554
0.099000	-1.794834
0.100000	-1.559160
0.101000	-1.389263
0.102000	-1.290235
0.103000	-1.258651
0.104000	-1.285345
0.105000	-1.357372
0.106000	-1.459692
0.107000	-1.576836
0.108000	-1.694851
0.109000	-1.802063
0.110000	-1.888463
0.111000	-1.945939
0.112000	-1.969177
0.113000	-1.955011
0.114000	-1.901904
0.115000	-1.810657
0.116000	-1.683722
0.117000	-1.523814
0.118000	-1.333866
0.119000	-1.117842
0.120000	-0.864664
0.121000	-0.519366
0.122000	-0.030215
0.123000	0.592899
0.124000	1.297043
0.125000	2.014866
0.126000	2.682032
0.127000	3.246561
0.128000	3.672333
0.129000	3.939163
0.130000	4.041357
0.131000	3.985388
0.132000	3.787220
0.133000	3.469529
0.134000	3.058594
0.135000	2.581364
0.136000	2.063410
0.137000	1.527735
0.138000	0.994256
0.139000	0.479848
0.140000	-0.001458
0.141000	-0.438488
0.142000	-0.822849
0.143000	-1.146663
0.144000	-1.372180
0.145000	-1.393536
0.146000	-1.106565
0.147000	-0.510142
0.148000	0.305848
0.149000	1.217165
0.150000	2.101024
0.151000	2.855916
0.152000	3.410578
0.153000	3.724118
0.154000	3.781843
0.155000	3.591078
0.156000	3.176869
0.157000	2.576071
0.158000	1.831973
0.159000	0.990302
0.160000	0.096459
0.161000	-0.806640
0.162000	-1.681131
0.163000	-2.495182
0.164000	-3.223084
0.165000	-3.846196
0.166000	-4.352862
0.167000	-4.736930
0.168000	-4.996469
0.169000	-5.133222
0.170000	-5.150334
0.171000	-5.023437
0.172000	-4.694933
0.173000	-4.140786
0.174000	-3.400092
0.175000	-2.543638
0.176000	-1.649273
0.177000	-0.787063
0.178000	-0.011730
0.179000	0.638569
0.180000	1.141558
0.181000	1.489834
0.182000	1.687754
0.183000	1.748737
0.184000	1.692285
0.185000	1.540422
0.186000	1.319394
0.187000	1.087171
0.188000	0.948913
0.189000	1.010657
0.190000	1.306177
0.191000	1.783105
0.192000	2.347624
0.193000	2.912429
0.194000	3.449111
0.195000	3.959298
0.196000	4.409817
0.197000	4.742281
0.198000	4.900952
0.199000	4.846690
0.200000	4.562061
0.201000	4.050570
0.202000	3.333621
0.203000	2.446565
0.204000	1.433509
0.205000	0.342547
0.206000	-0.777227
0.207000	-1.878591
0.208000	-2.920175
0.209000	-3.868950
0.210000	-4.699919
0.211000	-5.394862
0.212000	-5.941867
0.213000	-6.335371
0.214000	-6.575197
0.215000	-6.666033
0.216000	-6.617454
0.217000	-6.441678
0.218000	-6.151520
0.219000	-5.761134
0.220000	-5.269675
0.221000	-4.634116
0.222000	-3.816174
0.223000	-2.837383
0.224000	-1.760700
0.225000	-0.662837
0.226000	0.383711
0.227000	1.320796
0.228000	2.109113
0.229000	2.727967
0.230000	3.171490
0.231000	3.445132
0.232000	3.562922
0.233000	3.549579
0.234000	3.478252
0.235000	3.484977
0.236000	3.670580
0.237000	4.028235
0.238000	4.481587
0.239000	4.935328
0.240000	5.301925
0.241000	5.513571
0.242000	5.527194
0.243000	5.324276
0.244000	4.907310
0.245000	4.295277
0.246000	3.519332
0.247000	2.619145
0.248000	1.654065
0.249000	0.726515
0.250000	-0.065992
0.251000	-0.690647
0.252000	-1.163123
0.253000	-1.520155
0.254000	-1.803502
0.255000	-2.049860
0.256000	-2.285759
0.257000	-2.526638
0.258000	-2.777402
0.259000	-3.035194
0.260000	-3.293135
0.261000	-3.541850
0.262000	-3.770425
0.263000	-3.967608
0.264000	-4.122174
0.265000	-4.223658
0.266000	-4.264146
0.267000	-4.238989
0.268000	-4.146611
0.269000	-3.988987
0.270000	-3.771167
0.271000	-3.500333
0.272000	-3.184391
0.273000	-2.809980
0.274000	-2.322182
0.275000	-1.680633
0.276000	-0.906820
0.277000	-0.059373
0.278000	0.792794
0.279000	1.587154
0.280000	2.275586
0.281000	2.826642
0.282000	3.224890
0.283000	3.475728
0.284000	3.632547
0.285000	3.769217
0.286000	3.927726
0.287000	4.147718
0.288000	4.454748
0.289000	4.815633
0.290000	5.159860
0.291000	5.413215
0.292000	5.516127
0.293000	5.430404
0.294000	5.139667
0.295000	4.647999
0.296000	3.976380
0.297000	3.157242
0.298000	2.228862
0.299000	1.236222
0.300000	0.260857
0.301000	-0.593300
0.302000	-1.269494
0.303000	-1.770523
0.304000	-2.129360
0.305000	-2.388121
0.306000	-2.586667
0.307000	-2.757837
0.308000	-2.924720
0.309000	-3.099501
0.310000	-3.284609
0.311000	-3.476056
0.312000	-3.665871
0.313000	-3.843622
0.314000	-3.997792
0.315000	-4.117002
0.316000	-4.191499
0.317000	-4.213905
0.318000	-4.179535
0.319000	-4.086571
0.320000	-3.935927
0.321000	-3.730440
0.322000	-3.474145
0.323000	-3.172699
0.324000	-2.833190
0.325000	-2.462660
0.326000	-2.047555
0.327000	-1.533354
0.328000	-0.852679
0.329000	0.033997
0.330000	1.102660
0.331000	2.265935
0.332000	3.416045
0.333000	4.453471
0.334000	5.300800
0.335000	5.924804
0.336000	6.357487
0.337000	6.643771
0.338000	6.788123
0.339000	6.771291
0.340000	6.572525
0.341000	6.180589
0.342000	5.601933
0.343000	4.889997
0.344000	4.135182
0.345000	3.396560
0.346000	2.683323
0.347000	1.982217
0.348000	1.275760
0.349000	0.566137
0.350000	-0.094773
0.351000	-0.648612
0.352000	-1.086830
0.353000	-1.436929
0.354000	-1.739036
0.355000	-2.031618
0.356000	-2.343234
0.357000	-2.688434
0.358000	-3.068049
0.359000	-3.473366
0.360000	-3.890389
0.361000	-4.302308
0.362000	-4.690549
0.363000	-5.036661
0.364000	-5.324802
0.365000	-5.542374
0.366000	-5.679860
0.367000	-5.731395
0.368000	-5.694143
0.369000	-5.567170
0.370000	-5.350933
0.371000	-5.047694
0.372000	-4.663919
0.373000	-4.210722
0.374000	-3.700488
0.375000	-3.122029
0.376000	-2.426209
0.377000	-1.583777
0.378000	-0.623561
0.379000	0.393038
0.380000	1.395013
0.381000	2.317013
0.382000	3.108861
0.383000	3.738586
0.384000	4.190613
0.385000	4.462639
0.386000	4.563520
0.387000	4.510266
0.388000	4.324184
0.389000	4.041432
0.390000	3.740812
0.391000	3.506106
0.392000	3.365781
0.393000	3.302966
0.394000	3.300493
0.395000	3.375407
0.396000	3.536849
0.397000	3.745380
0.398000	3.937673
0.399000	4.053494
0.400000	4.049713
0.401000	3.926261
0.402000	3.736566
0.403000	3.526075
0.404000	3.293545
0.405000	3.014884
0.406000	2.662570
0.407000	2.216828
0.408000	1.670613
0.409000	1.029218
0.410000	0.308480
0.411000	-0.467765
0.412000	-1.272786
0.413000	-2.080425
0.414000	-2.863722
0.415000	-3.596015
0.416000	-4.255431
0.417000	-4.825771
0.418000	-5.294555
0.419000	-5.653209
0.420000	-5.896244
0.421000	-6.020713
0.422000	-6.028816
0.423000	-5.927510
0.424000	-5.725058
0.425000	-5.417640
0.426000	-4.960772
0.427000	-4.307150
0.428000	-3.469516
0.429000	-2.509359
0.430000	-1.503851
0.431000	-0.525582
0.432000	0.366615
0.433000	1.131004
0.434000	1.742660
0.435000	2.191139
0.436000	2.487327
0.437000	2.688764
0.438000	2.867226
0.439000	3.048401
0.440000	3.217338
0.441000	3.344556
0.442000	3.400585
0.443000	3.363462
0.444000	3.221895
0.445000	2.975229
0.446000	2.632202
0.447000	2.208243
0.448000	1.724721
0.449000	1.212973
0.450000	0.740599
0.451000	0.395428
0.452000	0.216250
0.453000	0.181914
0.454000	0.243982
0.455000	0.347636
0.456000	0.442910
0.457000	0.491027
0.458000	0.467517
0.459000	0.362449
0.460000	0.178371
0.461000	-0.073173
0.462000	-0.375267
0.463000	-0.708391
0.464000	-1.052780
0.465000	-1.390549
0.466000	-1.706513
0.467000	-1.973687
0.468000	-2.128007
0.469000	-2.110412
0.470000	-1.920400
0.471000	-1.599513
0.472000	-1.192590
0.473000	-0.700147
0.474000	-0.104994
0.475000	0.565560
0.476000	1.247816
0.477000	1.870904
0.478000	2.373712
0.479000	2.712672
0.480000	2.864489
0.481000	2.825936
0.482000	2.610700
0.483000	2.242981
0.484000	1.752862
0.485000	1.173809
0.486000	0.538508
0.487000	-0.123299
0.488000	-0.783471
0.489000	-1.415459
0.490000	-1.995826
0.491000	-2.505029
0.492000	-2.927588
0.493000	-3.253954
0.494000	-3.481491
0.495000	-3.611503
0.496000	-3.631486
0.497000	-3.489456
0.498000	-3.140924
0.499000	-2.603762
0.500000	-1.937679
0.501000	-1.215358
0.502000	-0.506123
0.503000	0.134172
0.504000	0.667879
0.505000	1.074367
0.506000	1.347495
0.507000	1.492772
0.508000	1.522898
0.509000	1.454913
0.510000	1.308418
0.511000	1.104094
0.512000	0.863477
0.513000	0.622961
0.514000	0.452512
0.515000	0.410522
0.516000	0.497681
0.517000	0.676809
0.518000	0.898292
0.519000	1.114419
0.520000	1.287429
0.521000	1.392185
0.522000	1.415564
0.523000	1.355228
0.524000	1.220121
0.525000	1.057530
0.526000	0.948700
0.527000	0.939816
0.528000	1.019298
0.529000	1.147054
0.530000	1.274919
0.531000	1.359174
0.532000	1.368261
0.533000	1.285197
0.534000	1.107282
0.535000	0.843531
0.536000	0.509453
0.537000	0.124028
0.538000	-0.292366
0.539000	-0.720638
0.540000	-1.143428
0.541000	-1.545561
0.542000	-1.914798
0.543000	-2.240470
0.544000	-2.513294
0.545000	-2.726997
0.546000	-2.877431
0.547000	-2.961263
0.548000	-2.977294
0.549000	-2.925598
0.550000	-2.778685
0.551000	-2.481455
0.552000	-2.013231
0.553000	-1.407755
0.554000	-0.725710
0.555000	-0.034101
0.556000	0.605863
0.557000	1.146236
0.558000	1.557736
0.559000	1.829305
0.560000	1.962962
0.561000	1.969241
0.562000	1.864973
0.563000	1.671851
0.564000	1.414091
0.565000	1.115846
0.566000	0.799883
0.567000	0.485684
0.568000	0.187983
0.569000	-0.082419
0.570000	-0.317662
0.571000	-0.513107
0.572000	-0.666931
0.573000	-0.778428
0.574000	-0.847461
0.575000	-0.875827
0.576000	-0.867494
0.577000	-0.826496
0.578000	-0.756957
0.579000	-0.663158
0.580000	-0.549350
0.581000	-0.420135
0.582000	-0.279415
0.583000	-0.131673
0.584000	0.016600
0.585000	0.158719
0.586000	0.288654
0.587000	0.401189
0.588000	0.493282
0.589000	0.564000
0.590000	0.613963
0.591000	0.649586
0.592000	0.713032
0.593000	0.870547
0.594000	1.146683
0.595000	1.512560
0.596000	1.915665
0.597000	2.300997
0.598000	2.622220
0.599000	2.846116
0.600000	2.953089
0.601000	2.935252
0.602000	2.794725
0.603000	2.543215
0.604000	2.198756
0.605000	1.781536
0.606000	1.312988
0.607000	0.813722
0.608000	0.302788
0.609000	-0.201108
0.610000	-0.681709
0.611000	-1.127372
0.612000	-1.529798
0.613000	-1.881894
0.614000	-2.176530
0.615000	-2.406449
0.616000	-2.567347
0.617000	-2.660501
0.618000	-2.690604
0.619000	-2.653292
0.620000	-2.506824
0.621000	-2.204658
0.622000	-1.750912
0.623000	-1.189261
0.624000	-0.563018
0.625000	0.124938
0.626000	0.877525
0.627000	1.653280
0.628000	2.384295
0.629000	3.003357
0.630000	3.457663
0.631000	3.713432
0.632000	3.756565
0.633000	3.590776
0.634000	3.234492
0.635000	2.717299
0.636000	2.074953
0.637000	1.348520
0.638000	0.610379
0.639000	-0.042190
0.640000	-0.550350
0.641000	-0.912682
0.642000	-1.158614
0.643000	-1.328339
0.644000	-1.460515
0.645000	-1.584788
0.646000	-1.720130
0.647000	-1.877605
0.648000	-2.061942
0.649000	-2.271490
0.650000	-2.498078
0.651000	-2.728398
0.652000	-2.947577
0.653000	-3.141830
0.654000	-3.301011
0.655000	-3.419074
0.656000	-3.491304
0.657000	-3.513192
0.658000	-3.481298
0.659000	-3.393629
0.660000	-3.237750
0.661000	-2.955516
0.662000	-2.452158
0.663000	-1.674542
0.664000	-0.659209
0.665000	0.492200
0.666000	1.657152
0.667000	2.721321
0.668000	3.596249
0.669000	4.224942
0.670000	4.580089
0.671000	4.660422
0.672000	4.485592
0.673000	4.089730
0.674000	3.516276
0.675000	2.813531
0.676000	2.027862
0.677000	1.200045
0.678000	0.366564
0.679000	-0.440432
0.680000	-1.193475
0.681000	-1.862066
0.682000	-2.385377
0.683000	-2.694084
0.684000	-2.768827
0.685000	-2.640468
0.686000	-2.363565
0.687000	-1.999692
0.688000	-1.606341
0.689000	-1.222076
0.690000	-0.809769
0.691000	-0.274496
0.692000	0.416893
0.693000	1.208764
0.694000	2.008235
0.695000	2.722278
0.696000	3.276213
0.697000	3.619427
0.698000	3.726479
0.699000	3.596179
0.700000	3.246727
0.701000	2.709641
0.702000	2.024711
0.703000	1.235860
0.704000	0.408068
0.705000	-0.361627
0.706000	-0.997819
0.707000	-1.483998
0.708000	-1.838785
0.709000	-2.093339
0.710000	-2.280231
0.711000	-2.427713
0.712000	-2.555373
0.713000	-2.674402
0.714000	-2.791026
0.715000	-2.907286
0.716000	-3.020387
0.717000	-3.123845
0.718000	-3.208170
0.719000	-3.261164
0.720000	-3.269962
0.721000	-3.224728
0.722000	-3.120852
0.723000	-2.957720
0.724000	-2.719832
0.725000	-2.359907
0.726000	-1.845907
0.727000	-1.199611
0.728000	-0.473040
0.729000	0.302447
0.730000	1.135721
0.731000	2.019152
0.732000	2.922831
0.733000	3.833203
0.734000	4.721732
0.735000	5.522737
0.736000	6.160556
0.737000	6.573450
0.738000	6.723068
0.739000	6.595101
0.740000	6.197655
0.741000	5.556857
0.742000	4.712240
0.743000	3.713123
0.744000	2.613900
0.745000	1.469234
0.746000	0.329156
0.747000	-0.764876
0.748000	-1.777847
0.749000	-2.653970
0.750000	-3.320351
0.751000	-3.741706
0.752000	-3.934260
0.753000	-3.941124
0.754000	-3.813619
0.755000	-3.601213
0.756000	-3.346408
0.757000	-3.080142
0.758000	-2.798091
0.759000	-2.457337
0.760000	-2.025877
0.761000	-1.485468
0.762000	-0.833441
0.763000	-0.113605
0.764000	0.600787
0.765000	1.235350
0.766000	1.730505
0.767000	2.048489
0.768000	2.174901
0.769000	2.114594
0.770000	1.885776
0.771000	1.520596
0.772000	1.085823
0.773000	0.666412
0.774000	0.313529
0.775000	0.067295
0.776000	-0.024216
0.777000	0.044296
0.778000	0.224681
0.779000	0.447784
0.780000	0.645694
0.781000	0.765397
0.782000	0.774513
0.783000	0.659979
0.784000	0.423126
0.785000	0.075590
0.786000	-0.362380
0.787000	-0.864006
0.788000	-1.399538
0.789000	-1.940077
0.790000	-2.459733
0.791000	-2.936439
0.792000	-3.349473
0.793000	-3.654027
0.794000	-3.783662
0.795000	-3.683560
0.796000	-3.312681
0.797000	-2.676580
0.798000	-1.847632
0.799000	-0.926804
0.800000	-0.013874
0.801000	0.808825
0.802000	1.488685
0.803000	2.027522
0.804000	2.459240
0.805000	2.794232
0.806000	3.017611
0.807000	3.110717
0.808000	3.062017
0.809000	2.869395
0.810000	2.540130
0.811000	2.091873
0.812000	1.550155
0.813000	0.943155
0.814000	0.299951
0.815000	-0.350805
0.816000	-0.983085
0.817000	-1.566220
0.818000	-2.039465
0.819000	-2.338005
0.820000	-2.443729
0.821000	-2.378831
0.822000	-2.183915
0.823000	-1.905129
0.824000	-1.586801
0.825000	-1.266589
0.826000	-0.972504
0.827000	-0.723852
0.828000	-0.532907
0.829000	-0.403769
0.830000	-0.325064
0.831000	-0.228594
0.832000	-0.002664
0.833000	0.405159
0.834000	0.964938
0.835000	1.643489
0.836000	2.422117
0.837000	3.246301
0.838000	4.027810
0.839000	4.679844
0.840000	5.134799
0.841000	5.350775
0.842000	5.312490
0.843000	5.049967
0.844000	4.637231
0.845000	4.135633
0.846000	3.567745
0.847000	2.937013
0.848000	2.243388
0.849000	1.491202
0.850000	0.690252
0.851000	-0.144847
0.852000	-0.994397
0.853000	-1.835027
0.854000	-2.642317
0.855000	-3.392994
0.856000	-4.067291
0.857000	-4.649858
0.858000	-5.128353
0.859000	-5.494627
0.860000	-5.746278
0.861000	-5.884607
0.862000	-5.913203
0.863000	-5.837684
0.864000	-5.666015
0.865000	-5.405711
0.866000	-5.040808
0.867000	-4.534258
0.868000	-3.849248
0.869000	-2.961596
0.870000	-1.896938
0.871000	-0.733901
0.872000	0.433470
0.873000	1.519107
0.874000	2.455706
0.875000	3.227798
0.876000	3.878268
0.877000	4.438264
0.878000	4.894236
0.879000	5.215846
0.880000	5.373087
0.881000	5.343623
0.882000	5.119894
0.883000	4.711580
0.884000	4.146558
0.885000	3.490107
0.886000	2.826704
0.887000	2.206691
0.888000	1.640060
0.889000	1.116732
0.890000	0.620875
0.891000	0.138708
0.892000	-0.339136
0.893000	-0.816104
0.894000	-1.288188
0.895000	-1.743404
0.896000	-2.144187
0.897000	-2.434111
0.898000	-2.585615
0.899000	-2.600452
0.900000	-2.451748
0.901000	-2.082575
0.902000	-1.481631
0.903000	-0.712905
0.904000	0.118892
0.905000	0.904208
0.906000	1.550674
0.907000	1.993248
0.908000	2.196409
0.909000	2.152489
0.910000	1.876532
0.911000	1.401113
0.912000	0.784770
0.913000	0.120257
0.914000	-0.508824
0.915000	-1.065342
0.916000	-1.543129
0.917000	-1.949327
0.918000	-2.294411
0.919000	-2.587095
0.920000	-2.832187
0.921000	-3.031578
0.922000	-3.187609
0.923000	-3.301503
0.924000	-3.370295
0.925000	-3.388874
0.926000	-3.353352
0.927000	-3.261736
0.928000	-3.115517
0.929000	-2.921103
0.930000	-2.686040
0.931000	-2.416211
0.932000	-2.118205
0.933000	-1.801285
0.934000	-1.474353
0.935000	-1.143282
0.936000	-0.812637
0.937000	-0.475189
0.938000	-0.080838
0.939000	0.475608
0.940000	1.298507
0.941000	2.396605
0.942000	3.670177
0.943000	4.973535
0.944000	6.163734
0.945000	7.126699
0.946000	7.784825
0.947000	8.097475
0.948000	8.057569
0.949000	7.682531
0.950000	7.007598
0.951000	6.081939
0.952000	4.962788
0.953000	3.709966
0.954000	2.381452
0.955000	1.031119
0.956000	-0.290121
0.957000	-1.534385
0.958000	-2.661118
0.959000	-3.639925
0.960000	-4.450732
0.961000	-5.084494
0.962000	-5.543201
0.963000	-5.835832
0.964000	-5.972642
0.965000	-5.963330
0.966000	-5.807642
0.967000	-5.485357
0.968000	-4.987622
0.969000	-4.342688
0.970000	-3.597056
0.971000	-2.779030
0.972000	-1.892168
0.973000	-0.955959
0.974000	-0.015880
0.975000	0.901005
0.976000	1.802421
0.977000	2.681769
0.978000	3.496553
0.979000	4.203030
0.980000	4.805065
0.981000	5.330231
0.982000	5.773754
0.983000	6.127056
0.984000	6.385395
0.985000	6.518638
0.986000	6.482684
0.987000	6.241289
0.988000	5.775585
0.989000	5.085723
0.990000	4.188325
0.991000	3.114703
0.992000	1.907816
0.993000	0.615672
0.994000	-0.712450
0.995000	-2.026999
0.996000	-3.280966
0.997000	-4.432446
0.998000	-5.446663
0.999000	-6.298503
1.000000	-6.972873
1.001000	-7.462944
1.002000	-7.768398
1.003000	-7.895785
1.004000	-7.857077
1.005000	-7.657798
1.006000	-7.275285
1.007000	-6.684575
1.008000	-5.899407
1.009000	-4.945069
1.010000	-3.842877
1.011000	-2.638113
1.012000	-1.401194
1.013000	-0.207125
1.014000	0.879800
1.015000	1.840754
1.016000	2.702135
1.017000	3.475488
1.018000	4.137605
1.019000	4.653745
1.020000	4.993899
1.021000	5.140401
1.022000	5.089743
1.023000	4.851430
1.024000	4.446069
1.025000	3.902283
1.026000	3.254564
1.027000	2.540607
1.028000	1.796709
1.029000	1.054931
1.030000	0.341151
1.031000	-0.324665
1.032000	-0.926024
1.033000	-1.449983
1.034000	-1.888526
1.035000	-2.238415
1.036000	-2.499942
1.037000	-2.675028
1.038000	-2.765091
1.039000	-2.764074
1.040000	-2.646199
1.041000	-2.389723
1.042000	-2.005983
1.043000	-1.519820
1.044000	-0.938227
1.045000	-0.268643
1.046000	0.457185
1.047000	1.220468
1.048000	2.012697
1.049000	2.794539
1.050000	3.502203
1.051000	4.075870
1.052000	4.505186
1.053000	4.857429
1.054000	5.197739
1.055000	5.517966
1.056000	5.763840
1.057000	5.870546
1.058000	5.785963
1.059000	5.482444
1.060000	4.956002
1.061000	4.219723
1.062000	3.299721
1.063000	2.234823
1.064000	1.072444
1.065000	-0.138601
1.066000	-1.351341
1.067000	-2.520930
1.068000	-3.607444
1.069000	-4.579898
1.070000	-5.416682
1.071000	-6.102002
1.072000	-6.623833
1.073000	-6.976936
1.074000	-7.165450
1.075000	-7.200020
1.076000	-7.092735
1.077000	-6.855483
1.078000	-6.499351
1.079000	-6.014327
1.080000	-5.372800
1.081000	-4.569667
1.082000	-3.615886
1.083000	-2.534693
1.084000	-1.365148
1.085000	-0.129572
1.086000	1.144493
1.087000	2.393476
1.088000	3.539460
1.089000	4.511081
1.090000	5.253456
1.091000	5.733689
1.092000	5.939878
1.093000	5.876884
1.094000	5.566359
1.095000	5.043058
1.096000	4.347606
1.097000	3.524697
1.098000	2.621744
1.099000	1.683388
1.100000	0.749647
1.101000	-0.142492
1.102000	-0.962251
1.103000	-1.687497
1.104000	-2.302703
1.105000	-2.797423
1.106000	-3.167172
1.107000	-3.413909
1.108000	-3.544968
1.109000	-3.569476
1.110000	-3.475497
1.111000	-3.214659
1.112000	-2.747056
1.113000	-2.089250
1.114000	-1.305269
1.115000	-0.476033
1.116000	0.322675
1.117000	1.029625
1.118000	1.603247
1.119000	2.042183
1.120000	2.395556
1.121000	2.727343
1.122000	3.064354
1.123000	3.385303
1.124000	3.646556
1.125000	3.803081
1.126000	3.820243
1.127000	3.677642
1.128000	3.368990
1.129000	2.902656
1.130000	2.300526
1.131000	1.594118
1.132000	0.818986
1.133000	0.011736
1.134000	-0.790557
1.135000	-1.552435
1.136000	-2.243752
1.137000	-2.843781
1.138000	-3.340326
1.139000	-3.724960
1.140000	-3.993005
1.141000	-4.145303
1.142000	-4.186817
1.143000	-4.124712
1.144000	-3.968589
1.145000	-3.731116
1.146000	-3.424457
1.147000	-3.041149
1.148000	-2.551400
1.149000	-1.935718
1.150000	-1.191822
1.151000	-0.339547
1.152000	0.571387
1.153000	1.501604
1.154000	2.433722
1.155000	3.331631
1.156000	4.133072
1.157000	4.775655
1.158000	5.212475
1.159000	5.416396
1.160000	5.380733
1.161000	5.118621
1.162000	4.657922
1.163000	4.034971
1.164000	3.289709
1.165000	2.461982
1.166000	1.589981
1.167000	0.708274
1.168000	-0.151758
1.169000	-0.961254
1.170000	-1.696415
1.171000	-2.340899
1.172000	-2.886812
1.173000	-3.330904
1.174000	-3.670281
1.175000	-3.903569
1.176000	-4.033524
1.177000	-4.066605
1.178000	-4.010250
1.179000	-3.860702
1.180000	-3.592747
1.181000	-3.189530
1.182000	-2.668545
1.183000	-2.068425
1.184000	-1.433239
1.185000	-0.801998
1.186000	-0.201499
1.187000	0.385323
1.188000	1.052266
1.189000	1.884812
1.190000	2.864677
1.191000	3.896739
1.192000	4.863488
1.193000	5.657988
1.194000	6.200472
1.195000	6.444699
1.196000	6.377891
1.197000	6.014224
1.198000	5.386299
1.199000	4.539645
1.200000	3.529156
1.201000	2.413915
1.202000	1.251025
1.203000	0.090569
1.204000	-1.025782
1.205000	-2.062610
1.206000	-2.992644
1.207000	-3.799247
1.208000	-4.472236
1.209000	-5.005435
1.210000	-5.397946
1.211000	-5.654178
1.212000	-5.780340
1.213000	-5.780966
1.214000	-5.661555
1.215000	-5.432731
1.216000	-5.109359
1.217000	-4.708380
1.218000	-4.248286
1.219000	-3.747591
1.220000	-3.220475
1.221000	-2.650681
1.222000	-1.959752
1.223000	-1.062861
1.224000	0.043327
1.225000	1.284299
1.226000	2.553670
1.227000	3.742524
1.228000	4.756757
1.229000	5.528633
1.230000	6.021852
1.231000	6.228592
1.232000	6.161776
1.233000	5.848406
1.234000	5.325114
1.235000	4.634848
1.236000	3.823331
1.237000	2.935026
1.238000	2.010993
1.239000	1.088265
1.240000	0.198704
1.241000	-0.631915
1.242000	-1.383423
1.243000	-2.039301
1.244000	-2.586926
1.245000	-3.021629
1.246000	-3.346451
1.247000	-3.566244
1.248000	-3.684634
1.249000	-3.706163
1.250000	-3.639171
1.251000	-3.496074
1.252000	-3.291056
1.253000	-3.036935
1.254000	-2.744352
1.255000	-2.424198
1.256000	-2.087567
1.257000	-1.734860
1.258000	-1.332104
1.259000	-0.827680
1.260000	-0.183851
1.261000	0.600275
1.262000	1.474722
1.263000	2.363264
1.264000	3.188075
1.265000	3.882638
1.266000	4.397504
1.267000	4.704609
1.268000	4.798095
1.269000	4.688179
1.270000	4.396135
1.271000	3.953390
1.272000	3.397436
1.273000	2.765021
1.274000	2.090296
1.275000	1.404243
1.276000	0.731042
1.277000	0.087654
1.278000	-0.512128
1.279000	-1.056171
1.280000	-1.531731
1.281000	-1.911778
1.282000	-2.166859
1.283000	-2.292246
1.284000	-2.305226
1.285000	-2.233788
1.286000	-2.108656
1.287000	-1.957457
1.288000	-1.802794
1.289000	-1.659455
1.290000	-1.532855
1.291000	-1.421721
1.292000	-1.310648
1.293000	-1.159539
1.294000	-0.913209
1.295000	-0.540180
1.296000	-0.058308
1.297000	0.482146
1.298000	1.021028
1.299000	1.500478
1.300000	1.872951
1.301000	2.107145
1.302000	2.189786
1.303000	2.122288
1.304000	1.916792
1.305000	1.594822
1.306000	1.185723
1.307000	0.722805
1.308000	0.238981
1.309000	-0.236686
1.310000	-0.681883
1.311000	-1.082290
1.312000	-1.430250
1.313000	-1.721301
1.314000	-1.951447
1.315000	-2.119264
1.316000	-2.228027
1.317000	-2.283505
1.318000	-2.291474
1.319000	-2.256857
1.320000	-2.185007
1.321000	-2.083163
1.322000	-1.957884
1.323000	-1.810851
1.324000	-1.625220
1.325000	-1.371257
1.326000	-1.034028
1.327000	-0.603210
1.328000	-0.073990
1.329000	0.526859
1.330000	1.149160
1.331000	1.739396
1.332000	2.249543
1.333000	2.643149
1.334000	2.914173
1.335000	3.099697
1.336000	3.239903
1.337000	3.342370
1.338000	3.392494
1.339000	3.369404
1.340000	3.255542
1.341000	3.038954
1.342000	2.717968
1.343000	2.302229
1.344000	1.809165
1.345000	1.262275
1.346000	0.687285
1.347000	0.107700
1.348000	-0.458388
1.349000	-0.997982
1.350000	-1.499229
1.351000	-1.948980
1.352000	-2.335759
1.353000	-2.653962
1.354000	-2.902507
1.355000	-3.080982
1.356000	-3.188801
1.357000	-3.226337
1.358000	-3.190597
1.359000	-3.060853
1.360000	-2.814923
1.361000	-2.458738
1.362000	-2.017828
1.363000	-1.504769
1.364000	-0.920623
1.365000	-0.288588
1.366000	0.344610
1.367000	0.937682
1.368000	1.488999
1.369000	2.010925
1.370000	2.487232
1.371000	2.883734
1.372000	3.165391
1.373000	3.305676
1.374000	3.291784
1.375000	3.125260
1.376000	2.819498
1.377000	2.395600
1.378000	1.878745
1.379000	1.294756
1.380000	0.668016
1.381000	0.022442
1.382000	-0.616184
1.383000	-1.221148
1.384000	-1.770232
1.385000	-2.248521
1.386000	-2.646458
1.387000	-2.957673
1.388000	-3.179176
1.389000	-3.310631
1.390000	-3.353127
1.391000	-3.310432
1.392000	-3.190280
1.393000	-3.004277
1.394000	-2.765685
1.395000	-2.488396
1.396000	-2.186636
1.397000	-1.872880
1.398000	-1.557129
1.399000	-1.245231
1.400000	-0.938101
1.401000	-0.619299
1.402000	-0.251477
1.403000	0.186090
1.404000	0.675795
1.405000	1.180525
1.406000	1.660748
1.407000	2.079618
1.408000	2.408495
1.409000	2.632864
1.410000	2.750927
1.411000	2.769246
1.412000	2.699431
1.413000	2.555825
1.414000	2.353476
1.415000	2.106362
1.416000	1.828827
1.417000	1.535972
1.418000	1.241017
1.419000	0.954017
1.420000	0.683110
1.421000	0.434075
1.422000	0.209420
1.423000	0.010254
1.424000	-0.162992
1.425000	-0.310209
1.426000	-0.430696
1.427000	-0.513142
1.428000	-0.526237
1.429000	-0.446569
1.430000	-0.283527
1.431000	-0.065773
1.432000	0.175605
1.433000	0.412912
1.434000	0.621821
1.435000	0.782986
1.436000	0.888286
1.437000	0.961671
1.438000	1.042673
1.439000	1.143665
1.440000	1.250332
1.441000	1.340632
1.442000	1.397468
1.443000	1.411220
1.444000	1.374915
1.445000	1.281616
1.446000	1.126909
1.447000	0.911434
1.448000	0.640629
1.449000	0.323132
1.450000	-0.029634
1.451000	-0.404412
1.452000	-0.787102
1.453000	-1.161032
1.454000	-1.508602
1.455000	-1.816241
1.456000	-2.076656
1.457000	-2.286308
1.458000	-2.441589
1.459000	-2.537881
1.460000	-2.572103
1.461000	-2.545106
1.462000	-2.459892
1.463000	-2.310166
1.464000	-2.075284
1.465000	-1.747955
1.466000	-1.350498
1.467000	-0.919110
1.468000	-0.489630
1.469000	-0.090865
1.470000	0.255987
1.471000	0.536970
1.472000	0.751051
1.473000	0.933065
1.474000	1.135498
1.475000	1.376232
1.476000	1.634664
1.477000	1.874511
1.478000	2.060724
1.479000	2.167614
1.480000	2.180699
1.481000	2.097316
1.482000	1.924876
1.483000	1.675900
1.484000	1.364308
1.485000	1.006325
1.486000	0.620658
1.487000	0.224441
1.488000	-0.168056
1.489000	-0.544461
1.490000	-0.895033
1.491000	-1.212531
1.492000	-1.491185
1.493000	-1.726171
1.494000	-1.913452
1.495000	-2.050723
1.496000	-2.137318
1.497000	-2.171236
1.498000	-2.137344
1.499000	-2.004305
1.500000	-1.756279
1.501000	-1.410922
1.502000	-1.002980
1.503000	-0.570638
1.504000	-0.149504
1.505000	0.230660
1.506000	0.548757
1.507000	0.794075
1.508000	0.964443
1.509000	1.063595
1.510000	1.114056
1.511000	1.171110
1.512000	1.279301
1.513000	1.434810
1.514000	1.608915
1.515000	1.769238
1.516000	1.885712
1.517000	1.934478
1.518000	1.900086
1.519000	1.778553
1.520000	1.576752
1.521000	1.306124
1.522000	0.981019
1.523000	0.618771
1.524000	0.238441
1.525000	-0.141859
1.526000	-0.506082
1.527000	-0.839219
1.528000	-1.129238
1.529000	-1.367890
1.530000	-1.550784
1.531000	-1.680041
1.532000	-1.764620
1.533000	-1.816154
1.534000	-1.844565
1.535000	-1.852768
1.536000	-1.820702
1.537000	-1.708878
1.538000	-1.497533
1.539000	-1.201273
1.540000	-0.851766
1.541000	-0.484442
1.542000	-0.131228
1.543000	0.182900
1.544000	0.441125
1.545000	0.634420
1.546000	0.760345
1.547000	0.820831
1.548000	0.820352
1.549000	0.766377
1.550000	0.667873
1.551000	0.533310
1.552000	0.370348
1.553000	0.185735
1.554000	-0.011868
1.555000	-0.210479
1.556000	-0.398259
1.557000	-0.566920
1.558000	-0.711182
1.559000	-0.826201
1.560000	-0.906113
1.561000	-0.944439
1.562000	-0.936659
1.563000	-0.882748
1.564000	-0.786712
1.565000	-0.654683
1.566000	-0.492694
1.567000	-0.306605
1.568000	-0.105521
1.569000	0.098346
1.570000	0.292582
1.571000	0.466241
1.572000	0.612275
1.573000	0.729969
1.574000	0.831528
1.575000	0.954309
1.576000	1.134036
1.577000	1.371033
1.578000	1.639849
1.579000	1.905876
1.580000	2.135584
1.581000	2.301716
1.582000	2.384970
1.583000	2.375608
1.584000	2.274458
1.585000	2.089962
1.586000	1.834860
1.587000	1.525592
1.588000	1.182976
1.589000	0.827769
1.590000	0.475448
1.591000	0.137621
1.592000	-0.176695
1.593000	-0.461116
1.594000	-0.710966
1.595000	-0.923811
1.596000	-1.100272
1.597000	-1.242488
1.598000	-1.353140
1.599000	-1.433641
1.600000	-1.483311
1.601000	-1.503727
1.602000	-1.499140
1.603000	-1.473343
1.604000	-1.429688
1.605000	-1.370265
1.606000	-1.294577
1.607000	-1.202274
1.608000	-1.097394
1.609000	-0.985451
1.610000	-0.855506
1.611000	-0.671549
1.612000	-0.409184
1.613000	-0.082541
1.614000	0.274021
1.615000	0.624302
1.616000	0.937189
1.617000	1.188904
1.618000	1.364358
1.619000	1.458633
1.620000	1.475218
1.621000	1.422372
1.622000	1.311579
1.623000	1.153573
1.624000	0.955716
1.625000	0.724851
1.626000	0.469513
1.627000	0.200797
1.628000	-0.067937
1.629000	-0.323284
1.630000	-0.554431
1.631000	-0.753953
1.632000	-0.916432
1.633000	-1.037542
1.634000	-1.115541
1.635000	-1.153328
1.636000	-1.157234
1.637000	-1.132478
1.638000	-1.082555
1.639000	-1.011596
1.640000	-0.917722
1.641000	-0.777983
1.642000	-0.567755
1.643000	-0.290698
1.644000	0.026347
1.645000	0.346645
1.646000	0.634130
1.647000	0.861599
1.648000	1.014325
1.649000	1.088080
1.650000	1.084450
1.651000	1.007883
1.652000	0.867029
1.653000	0.675586
1.654000	0.449978
1.655000	0.207501
1.656000	-0.035919
1.657000	-0.267896
1.658000	-0.479367
1.659000	-0.663571
1.660000	-0.816697
1.661000	-0.938613
1.662000	-1.030362
1.663000	-1.092516
1.664000	-1.125869
1.665000	-1.131176
1.666000	-1.109517
1.667000	-1.063564
1.668000	-0.997019
1.669000	-0.914143
1.670000	-0.819585
1.671000	-0.716655
1.672000	-0.608264
1.673000	-0.498212
1.674000	-0.389414
1.675000	-0.282618
1.676000	-0.177356
1.677000	-0.073042
1.678000	0.030730
1.679000	0.143519
1.680000	0.296914
1.681000	0.518103
1.682000	0.802910
1.683000	1.127507
1.684000	1.461403
1.685000	1.772557
1.686000	2.030590
1.687000	2.211633
1.688000	2.300665
1.689000	2.291028
1.690000	2.184355
1.691000	1.990584
1.692000	1.726607
1.693000	1.411953
1.694000	1.066209
1.695000	0.707588
1.696000	0.349992
1.697000	0.004604
1.698000	-0.316457
1.699000	-0.601073
1.700000	-0.840066
1.701000	-1.029027
1.702000	-1.169200
1.703000	-1.266497
1.704000	-1.329148
1.705000	-1.365991
1.706000	-1.385604
1.707000	-1.394889
1.708000	-1.396581
1.709000	-1.387802
1.710000	-1.362224
1.711000	-1.313842
1.712000	-1.240225
1.713000	-1.143355
1.714000	-1.027255
1.715000	-0.896812
1.716000	-0.747935
1.717000	-0.552523
1.718000	-0.286169
1.719000	0.042923
1.720000	0.407939
1.721000	0.777940
1.722000	1.124357
1.723000	1.423556
1.724000	1.656862
1.725000	1.810849
1.726000	1.878395
1.727000	1.858656
1.728000	1.756483
1.729000	1.582603
1.730000	1.352212
1.731000	1.080102
1.732000	0.779073
1.733000	0.462308
1.734000	0.144700
1.735000	-0.157855
1.736000	-0.432019
1.737000	-0.668242
1.738000	-0.861510
1.739000	-1.012688
1.740000	-1.125708
1.741000	-1.204172
1.742000	-1.251072
1.743000	-1.269258
1.744000	-1.262574
1.745000	-1.236143
1.746000	-1.193803
1.747000	-1.137173
1.748000	-1.066738
1.749000	-0.983082
1.750000	-0.888077
1.751000	-0.783541
1.752000	-0.671606
1.753000	-0.556122
1.754000	-0.439812
1.755000	-0.322670
1.756000	-0.204364
1.757000	-0.086111
1.758000	0.029556
1.759000	0.140374
1.760000	0.245547
1.761000	0.344085
1.762000	0.435246
1.763000	0.520425
1.764000	0.600491
1.765000	0.673352
1.766000	0.735006
1.767000	0.782581
1.768000	0.815184
1.769000	0.833333
1.770000	0.839900
1.771000	0.837786
1.772000	0.828169
1.773000	0.812327
1.774000	0.792231
1.775000	0.769834
1.776000	0.746853
1.777000	0.724103
1.778000	0.700004
1.779000	0.670951
1.780000	0.632594
1.781000	0.581465
1.782000	0.515264
1.783000	0.433487
1.784000	0.338928
1.785000	0.237132
1.786000	0.134899
1.787000	0.039150
1.788000	-0.044695
1.789000	-0.113641
1.790000	-0.166512
1.791000	-0.204429
1.792000	-0.229745
1.793000	-0.245983
1.794000	-0.258327
1.795000	-0.270446
1.796000	-0.283171
1.797000	-0.295679
1.798000	-0.305693
1.799000	-0.311158
1.800000	-0.311108
1.801000	-0.304514
1.802000	-0.291639
1.803000	-0.274939
1.804000	-0.257571
1.805000	-0.241864
1.806000	-0.228910
1.807000	-0.219109
1.808000	-0.211515
1.809000	-0.204587
1.810000	-0.199143
1.811000	-0.198074
1.812000	-0.203529
1.813000	-0.214673
1.814000	-0.226740
1.815000	-0.234317
1.816000	-0.235283
1.817000	-0.232368
1.818000	-0.230405
1.819000	-0.231112
1.820000	-0.232889
1.821000	-0.233389
1.822000	-0.231756
1.823000	-0.229095
1.824000	-0.225402
1.825000	-0.217694
1.826000	-0.203148
1.827000	-0.182598
1.828000	-0.158687
1.829000	-0.131787
1.830000	-0.101099
1.831000	-0.067338
1.832000	-0.032379
1.833000	0.002448
1.834000	0.038238
1.835000	0.076700
1.836000	0.117234
1.837000	0.157518
1.838000	0.195137
1.839000	0.227851
1.840000	0.255288
1.841000	0.279490
1.842000	0.301723
1.843000	0.320999
1.844000	0.333645
1.845000	0.335202
1.846000	0.322007
1.847000	0.291419
1.848000	0.244446
1.849000	0.186967
1.850000	0.126947
1.851000	0.070885
1.852000	0.023439
1.853000	-0.012049
1.854000	-0.033738
1.855000	-0.042557
1.856000	-0.041132
1.857000	-0.032154
1.858000	-0.018444
1.859000	-0.001840
1.860000	0.017858
1.861000	0.041886
1.862000	0.068694
1.863000	0.094095
1.864000	0.114782
1.865000	0.128011
1.866000	0.130967
1.867000	0.123871
1.868000	0.111207
1.869000	0.098402
1.870000	0.090488
1.871000	0.093126
1.872000	0.110816
1.873000	0.142679
1.874000	0.181945
1.875000	0.218875
1.876000	0.243052
1.877000	0.246685
1.878000	0.227163
1.879000	0.187101
1.880000	0.133697
1.881000	0.076177
1.882000	0.022125
1.883000	-0.023415
1.884000	-0.058735
1.885000	-0.086804
1.886000	-0.113620
1.887000	-0.143829
1.888000	-0.178098
1.889000	-0.214359
1.890000	-0.250567
1.891000	-0.287595
1.892000	-0.328508
1.893000	-0.375315
1.894000	-0.427562
1.895000	-0.481147
1.896000	-0.527530
1.897000	-0.557237
1.898000	-0.564892
1.899000	-0.550333
1.900000	-0.515264
1.901000	-0.461568
1.902000	-0.393011
1.903000	-0.315435
1.904000	-0.235288
1.905000	-0.156527
1.906000	-0.080719
1.907000	-0.009649
1.908000	0.056021
1.909000	0.116794
1.910000	0.170615
1.911000	0.213104
1.912000	0.241931
1.913000	0.258346
1.914000	0.264830
1.915000	0.263865
1.916000	0.257765
1.917000	0.247522
1.918000	0.233424
1.919000	0.215733
1.920000	0.195466
1.921000	0.174195
1.922000	0.152223
1.923000	0.129985
1.924000	0.108219
1.925000	0.086600
1.926000	0.065103
1.927000	0.045611
1.928000	0.030427
1.929000	0.020510
1.930000	0.016461
1.931000	0.018511
1.932000	0.026641
1.933000	0.040299
1.934000	0.058406
1.935000	0.080444
1.936000	0.105868
1.937000	0.134772
1.938000	0.168015
1.939000	0.205129
1.940000	0.244097
1.941000	0.281711
1.942000	0.313967
1.943000	0.338963
1.944000	0.357694
1.945000	0.370767
1.946000	0.376241
1.947000	0.370190
1.948000	0.349116
1.949000	0.311342
1.950000	0.256391
1.951000	0.186731
1.952000	0.108246
1.953000	0.027724
1.954000	-0.048510
1.955000	-0.115532
1.956000	-0.172034
1.957000	-0.220483
1.958000	-0.263886
1.959000	-0.305496
1.960000	-0.349430
1.961000	-0.397236
1.962000	-0.446603
1.963000	-0.493852
1.964000	-0.535234
1.965000	-0.568643
1.966000	-0.593285
1.967000	-0.607486
1.968000	-0.610050
1.969000	-0.602099
1.970000	-0.586235
1.971000	-0.565188
1.972000	-0.541171
1.973000	-0.516419
1.974000	-0.493102
1.975000	-0.471234
1.976000	-0.448589
1.977000	-0.423044
1.978000	-0.393988
1.979000	-0.360865
1.980000	-0.320976
1.981000	-0.271395
1.982000	-0.211478
1.983000	-0.142390
1.984000	-0.067807
1.985000	0.006413
1.986000	0.076425
1.987000	0.141942
1.988000	0.205161
1.989000	0.268857
1.990000	0.333270
1.991000	0.395334
1.992000	0.450591
1.993000	0.495539
1.994000	0.529274
1.995000	0.554107
1.996000	0.573021
1.997000	0.586716
1.998000	0.595996
1.999000	0.604286
2.000000	0.614723
2.001000	0.628511
2.002000	0.645121
2.003000	0.661275
2.004000	0.672271
2.005000	0.673818
2.006000	0.661881
2.007000	0.633088
2.008000	0.587229
2.009000	0.527141
2.010000	0.454665
2.011000	0.370169
2.012000	0.276857
2.013000	0.180692
2.014000	0.085510
2.015000	-0.007936
2.016000	-0.100172
2.017000	-0.191106
2.018000	-0.278706
2.019000	-0.358750
2.020000	-0.426279
2.021000	-0.479069
2.022000	-0.515746
2.023000	-0.533308
2.024000	-0.530132
2.025000	-0.505597
2.026000	-0.456927
2.027000	-0.382066
2.028000	-0.284820
2.029000	-0.174686
2.030000	-0.064390
2.031000	0.033632
2.032000	0.110079
2.033000	0.159520
2.034000	0.182342
2.035000	0.183712
2.036000	0.168964
2.037000	0.141168
2.038000	0.102649
2.039000	0.057587
2.040000	0.010523
2.041000	-0.036648
2.042000	-0.084027
2.043000	-0.131888
2.044000	-0.178743
2.045000	-0.221201
2.046000	-0.257481
2.047000	-0.289198
2.048000	-0.317976
2.049000	-0.341912
2.050000	-0.357319
2.051000	-0.363205
2.052000	-0.360191
2.053000	-0.348197
2.054000	-0.327848
2.055000	-0.300521
2.056000	-0.268281
2.057000	-0.233995
2.058000	-0.200850
2.059000	-0.170936
2.060000	-0.142331
2.061000	-0.109620
2.062000	-0.068103
2.063000	-0.016913
2.064000	0.040844
2.065000	0.099615
2.066000	0.154756
2.067000	0.203229
2.068000	0.240414
2.069000	0.262254
2.070000	0.268253
2.071000	0.259696
2.072000	0.239088
2.073000	0.209247
2.074000	0.172445
2.075000	0.133517
2.076000	0.099502
2.077000	0.075576
2.078000	0.063075
2.079000	0.060436
2.080000	0.066017
2.081000	0.077853
2.082000	0.092190
2.083000	0.105029
2.084000	0.114334
2.085000	0.120749
2.086000	0.125965
2.087000	0.131741
2.088000	0.140451
2.089000	0.155043
2.090000	0.177620
2.091000	0.207154
2.092000	0.239067
2.093000	0.267586
2.094000	0.288479
2.095000	0.299285
2.096000	0.301927
