0.000000	0.000000
0.001000	-0.000001
0.002000	-0.000001
0.003000	-0.000002
0.004000	-0.000004
0.005000	-0.000008
0.006000	-0.000013
0.007000	-0.000022
0.008000	-0.000037
0.009000	-0.000061
0.010000	-0.000100
0.011000	-0.000162
0.012000	-0.000261
0.013000	-0.000419
0.014000	-0.000666
0.015000	-0.001053
0.016000	-0.001653
0.017000	-0.002578
0.018000	-0.003992
0.019000	-0.006138
0.020000	-0.009367
0.021000	-0.014181
0.022000	-0.021283
0.023000	-0.031633
0.024000	-0.046496
0.025000	-0.067457
0.026000	-0.096327
0.027000	-0.134830
0.028000	-0.183809
0.029000	-0.241541
0.030000	-0.300486
0.031000	-0.341622
0.032000	-0.325972
0.033000	-0.185356
0.034000	0.178735
0.035000	0.867568
0.036000	1.904139
0.037000	3.113357
0.038000	4.078424
0.039000	4.326589
0.040000	3.678059
0.041000	2.405401
0.042000	1.008927
0.043000	-0.129650
0.044000	-0.886931
0.045000	-1.321550
0.046000	-1.549523
0.047000	-1.670457
0.048000	-1.746421
0.049000	-1.805030
0.050000	-1.845798
0.051000	-1.841562
0.052000	-1.734759
0.053000	-1.434338
0.054000	-0.831017
0.055000	0.139116
0.056000	1.374834
0.057000	2.518369
0.058000	3.063765
0.059000	2.697343
0.060000	1.566293
0.061000	0.159637
0.062000	-1.057620
0.063000	-1.873430
0.064000	-2.303215
0.065000	-2.461301
0.066000	-2.465911
0.067000	-2.402616
0.068000	-2.320751
0.069000	-2.240624
0.070000	-2.163515
0.071000	-2.082895
0.072000	-1.994171
0.073000	-1.899424
0.074000	-1.806642
0.075000	-1.725790
0.076000	-1.663305
0.077000	-1.615335
0.078000	-1.560694
0.079000	-1.454538
0.080000	-1.222856
0.081000	-0.761690
0.082000	0.041565
0.083000	1.235973
0.084000	2.683856
0.085000	3.984392
0.086000	4.614634
0.087000	4.287459
0.088000	3.194144
0.089000	1.844683
0.090000	0.694018
0.091000	-0.065723
0.092000	-0.461628
0.093000	-0.608159
0.094000	-0.617588
0.095000	-0.570834
0.096000	-0.519208
0.097000	-0.492556
0.098000	-0.504882
0.099000	-0.557419
0.100000	-0.639054
0.101000	-0.720605
0.102000	-0.740602
0.103000	-0.586946
0.104000	-0.087262
0.105000	0.965410
0.106000	2.708579
0.107000	5.011597
0.108000	7.299891
0.109000	8.672485
0.110000	8.428547
0.111000	6.605986
0.112000	3.958486
0.113000	1.393787
0.114000	-0.539810
0.115000	-1.748019
0.116000	-2.399902
0.117000	-2.720073
0.118000	-2.880652
0.119000	-2.980910
0.120000	-3.067224
0.121000	-3.155066
0.122000	-3.237494
0.123000	-3.283484
0.124000	-3.232641
0.125000	-2.990674
0.126000	-2.437825
0.127000	-1.477395
0.128000	-0.147432
0.129000	1.253057
0.130000	2.190715
0.131000	2.201999
0.132000	1.263852
0.133000	-0.179853
0.134000	-1.571635
0.135000	-2.576043
0.136000	-3.136579
0.137000	-3.352160
0.138000	-3.352378
0.139000	-3.238028
0.140000	-3.071881
0.141000	-2.889221
0.142000	-2.707921
0.143000	-2.533108
0.144000	-2.361095
0.145000	-2.186028
0.146000	-2.006210
0.147000	-1.825853
0.148000	-1.651403
0.149000	-1.482739
0.150000	-1.301716
0.151000	-1.064257
0.152000	-0.697844
0.153000	-0.102272
0.154000	0.831754
0.155000	2.149740
0.156000	3.701334
0.157000	5.060421
0.158000	5.685233
0.159000	5.303134
0.160000	4.149107
0.161000	2.769185
0.162000	1.620399
0.163000	0.872210
0.164000	0.475263
0.165000	0.307349
0.166000	0.260564
0.167000	0.262004
0.168000	0.267172
0.169000	0.252440
0.170000	0.214300
0.171000	0.174857
0.172000	0.189750
0.173000	0.353204
0.174000	0.789454
0.175000	1.607698
0.176000	2.805286
0.177000	4.170692
0.178000	5.327174
0.179000	5.983846
0.180000	6.154869
0.181000	6.019781
0.182000	5.577495
0.183000	4.613433
0.184000	3.052272
0.185000	1.181461
0.186000	-0.547503
0.187000	-1.839832
0.188000	-2.657558
0.189000	-3.116139
0.190000	-3.355881
0.191000	-3.480844
0.192000	-3.555141
0.193000	-3.616262
0.194000	-3.682896
0.195000	-3.759037
0.196000	-3.841026
0.197000	-3.923498
0.198000	-3.995979
0.199000	-4.030742
0.200000	-3.970031
0.201000	-3.719333
0.202000	-3.155263
0.203000	-2.171949
0.204000	-0.792079
0.205000	0.700319
0.206000	1.772948
0.207000	1.940807
0.208000	1.146937
0.209000	-0.188876
0.210000	-1.512524
0.211000	-2.478848
0.212000	-3.019738
0.213000	-3.225389
0.214000	-3.221653
0.215000	-3.111955
0.216000	-2.964280
0.217000	-2.811148
0.218000	-2.646529
0.219000	-2.417487
0.220000	-2.016936
0.221000	-1.291000
0.222000	-0.079559
0.223000	1.698332
0.224000	3.949690
0.225000	6.400431
0.226000	8.695539
0.227000	10.437415
0.228000	11.118433
0.229000	10.273084
0.230000	7.930773
0.231000	4.797763
0.232000	1.821067
0.233000	-0.385488
0.234000	-1.709029
0.235000	-2.343330
0.236000	-2.549705
0.237000	-2.535605
0.238000	-2.434872
0.239000	-2.326144
0.240000	-2.249744
0.241000	-2.216770
0.242000	-2.218020
0.243000	-2.234389
0.244000	-2.246155
0.245000	-2.242010
0.246000	-2.225166
0.247000	-2.209443
0.248000	-2.207344
0.249000	-2.220313
0.250000	-2.235475
0.251000	-2.226224
0.252000	-2.154369
0.253000	-1.970642
0.254000	-1.608027
0.255000	-0.974042
0.256000	0.022873
0.257000	1.372406
0.258000	2.823240
0.259000	3.873272
0.260000	4.039548
0.261000	3.238729
0.262000	1.863635
0.263000	0.461965
0.264000	-0.612151
0.265000	-1.281311
0.266000	-1.633185
0.267000	-1.792788
0.268000	-1.848031
0.269000	-1.813829
0.270000	-1.613990
0.271000	-1.081435
0.272000	0.001533
0.273000	1.788932
0.274000	4.182559
0.275000	6.689753
0.276000	8.553880
0.277000	9.208252
0.278000	8.671349
0.279000	7.416143
0.280000	5.845982
0.281000	4.032651
0.282000	1.972702
0.283000	-0.120412
0.284000	-1.901477
0.285000	-3.154039
0.286000	-3.886212
0.287000	-4.242776
0.288000	-4.386393
0.289000	-4.432880
0.290000	-4.440177
0.291000	-4.426506
0.292000	-4.395122
0.293000	-4.349853
0.294000	-4.297317
0.295000	-4.242122
0.296000	-4.182271
0.297000	-4.107517
0.298000	-4.002623
0.299000	-3.856866
0.300000	-3.673806
0.301000	-3.469993
0.302000	-3.259193
0.303000	-3.030758
0.304000	-2.733160
0.305000	-2.269770
0.306000	-1.516672
0.307000	-0.383453
0.308000	1.069825
0.309000	2.521885
0.310000	3.454386
0.311000	3.477246
0.312000	2.659950
0.313000	1.494699
0.314000	0.539889
0.315000	0.141896
0.316000	0.411579
0.317000	1.290382
0.318000	2.538598
0.319000	3.701027
0.320000	4.246550
0.321000	3.908818
0.322000	2.915093
0.323000	1.828086
0.324000	1.178966
0.325000	1.237075
0.326000	1.967795
0.327000	3.040155
0.328000	3.895695
0.329000	4.016593
0.330000	3.299129
0.331000	2.160525
0.332000	1.240488
0.333000	1.003450
0.334000	1.524761
0.335000	2.462324
0.336000	3.194211
0.337000	3.164052
0.338000	2.255232
0.339000	0.829679
0.340000	-0.606385
0.341000	-1.733411
0.342000	-2.483953
0.343000	-2.929779
0.344000	-3.168914
0.345000	-3.279337
0.346000	-3.315717
0.347000	-3.312811
0.348000	-3.285988
0.349000	-3.238659
0.350000	-3.177603
0.351000	-3.122238
0.352000	-3.098162
0.353000	-3.120986
0.354000	-3.183734
0.355000	-3.255138
0.356000	-3.284499
0.357000	-3.202196
0.358000	-2.912695
0.359000	-2.299416
0.360000	-1.278720
0.361000	0.084629
0.362000	1.480801
0.363000	2.451546
0.364000	2.744381
0.365000	2.633098
0.366000	2.793196
0.367000	3.750074
0.368000	5.355361
0.369000	6.739155
0.370000	6.883096
0.371000	5.425861
0.372000	2.936431
0.373000	0.409416
0.374000	-1.397296
0.375000	-2.190351
0.376000	-2.006205
0.377000	-1.071957
0.378000	0.195986
0.379000	1.206625
0.380000	1.423926
0.381000	0.715612
0.382000	-0.554041
0.383000	-1.815622
0.384000	-2.642229
0.385000	-2.853348
0.386000	-2.433714
0.387000	-1.471070
0.388000	-0.197911
0.389000	0.956270
0.390000	1.486201
0.391000	1.127615
0.392000	0.069423
0.393000	-1.207184
0.394000	-2.282570
0.395000	-2.984748
0.396000	-3.337816
0.397000	-3.440188
0.398000	-3.392030
0.399000	-3.271358
0.400000	-3.125371
0.401000	-2.969705
0.402000	-2.799487
0.403000	-2.602826
0.404000	-2.364773
0.405000	-2.060795
0.406000	-1.643536
0.407000	-1.030907
0.408000	-0.122057
0.409000	1.121461
0.410000	2.539870
0.411000	3.711416
0.412000	4.134024
0.413000	3.597510
0.414000	2.376839
0.415000	1.019346
0.416000	-0.016200
0.417000	-0.513860
0.418000	-0.427455
0.419000	0.224755
0.420000	1.359082
0.421000	2.729688
0.422000	3.885284
0.423000	4.353994
0.424000	3.996303
0.425000	3.168170
0.426000	2.473793
0.427000	2.337332
0.428000	2.738053
0.429000	3.237064
0.430000	3.280723
0.431000	2.623044
0.432000	1.523611
0.433000	0.539221
0.434000	0.148239
0.435000	0.508042
0.436000	1.382993
0.437000	2.215661
0.438000	2.407709
0.439000	1.717839
0.440000	0.414978
0.441000	-0.987756
0.442000	-2.113667
0.443000	-2.864190
0.444000	-3.319395
0.445000	-3.590175
0.446000	-3.743681
0.447000	-3.806263
0.448000	-3.796528
0.449000	-3.744518
0.450000	-3.684470
0.451000	-3.637574
0.452000	-3.603766
0.453000	-3.565142
0.454000	-3.488320
0.455000	-3.314166
0.456000	-2.944392
0.457000	-2.254815
0.458000	-1.163793
0.459000	0.245195
0.460000	1.625774
0.461000	2.458142
0.462000	2.378449
0.463000	1.474382
0.464000	0.210749
0.465000	-0.925255
0.466000	-1.679583
0.467000	-2.033433
0.468000	-2.084590
0.469000	-1.950939
0.470000	-1.723162
0.471000	-1.436578
0.472000	-1.052081
0.473000	-0.466763
0.474000	0.426918
0.475000	1.637439
0.476000	2.978312
0.477000	4.105101
0.478000	4.760011
0.479000	5.015217
0.480000	5.164294
0.481000	5.318003
0.482000	5.216790
0.483000	4.529427
0.484000	3.261322
0.485000	1.778476
0.486000	0.494195
0.487000	-0.382188
0.488000	-0.860753
0.489000	-1.063943
0.490000	-1.128434
0.491000	-1.157851
0.492000	-1.214684
0.493000	-1.326153
0.494000	-1.489292
0.495000	-1.675972
0.496000	-1.839827
0.497000	-1.920460
0.498000	-1.842261
0.499000	-1.513493
0.500000	-0.842255
0.501000	0.206764
0.502000	1.517128
0.503000	2.774530
0.504000	3.611293
0.505000	3.902943
0.506000	3.874418
0.507000	3.796881
0.508000	3.614699
0.509000	3.001980
0.510000	1.789665
0.511000	0.213051
0.512000	-1.288873
0.513000	-2.408096
0.514000	-3.083063
0.515000	-3.407956
0.516000	-3.513775
0.517000	-3.506904
0.518000	-3.454981
0.519000	-3.391955
0.520000	-3.326160
0.521000	-3.249336
0.522000	-3.149495
0.523000	-3.022758
0.524000	-2.877030
0.525000	-2.726496
0.526000	-2.576739
0.527000	-2.402398
0.528000	-2.127708
0.529000	-1.625950
0.530000	-0.760288
0.531000	0.510743
0.532000	1.989204
0.533000	3.194994
0.534000	3.592507
0.535000	2.991135
0.536000	1.712801
0.537000	0.325570
0.538000	-0.745308
0.539000	-1.367965
0.540000	-1.615584
0.541000	-1.620665
0.542000	-1.476487
0.543000	-1.197877
0.544000	-0.727826
0.545000	0.020127
0.546000	1.084591
0.547000	2.350370
0.548000	3.480932
0.549000	4.026150
0.550000	3.724819
0.551000	2.731423
0.552000	1.497890
0.553000	0.453353
0.554000	-0.174369
0.555000	-0.311883
0.556000	0.068331
0.557000	0.969591
0.558000	2.276246
0.559000	3.634592
0.560000	4.498116
0.561000	4.435411
0.562000	3.462151
0.563000	2.020769
0.564000	0.628999
0.565000	-0.416010
0.566000	-1.070967
0.567000	-1.429754
0.568000	-1.612042
0.569000	-1.708484
0.570000	-1.770573
0.571000	-1.819725
0.572000	-1.857478
0.573000	-1.875248
0.574000	-1.869194
0.575000	-1.853721
0.576000	-1.856542
0.577000	-1.892951
0.578000	-1.940144
0.579000	-1.928527
0.580000	-1.746720
0.581000	-1.261317
0.582000	-0.375790
0.583000	0.854734
0.584000	2.114923
0.585000	2.889777
0.586000	2.778068
0.587000	1.817489
0.588000	0.457823
0.589000	-0.787189
0.590000	-1.630364
0.591000	-2.042242
0.592000	-2.131742
0.593000	-2.033201
0.594000	-1.852997
0.595000	-1.658808
0.596000	-1.484434
0.597000	-1.337751
0.598000	-1.210811
0.599000	-1.090739
0.600000	-0.968284
0.601000	-0.843207
0.602000	-0.724129
0.603000	-0.619594
0.604000	-0.526886
0.605000	-0.431409
0.606000	-0.319135
0.607000	-0.190328
0.608000	-0.060782
0.609000	0.049985
0.610000	0.130933
0.611000	0.183696
0.612000	0.222401
0.613000	0.270795
0.614000	0.351527
0.615000	0.471179
0.616000	0.615645
0.617000	0.760778
0.618000	0.885483
0.619000	0.976237
0.620000	1.026462
0.621000	1.035717
0.622000	1.008454
0.623000	0.956187
0.624000	0.907874
0.625000	0.921661
0.626000	1.085888
0.627000	1.504756
0.628000	2.260869
0.629000	3.335230
0.630000	4.501293
0.631000	5.313984
0.632000	5.333401
0.633000	4.469795
0.634000	3.081136
0.635000	1.691001
0.636000	0.643980
0.637000	0.004606
0.638000	-0.334720
0.639000	-0.517638
0.640000	-0.651764
0.641000	-0.793644
0.642000	-0.959605
0.643000	-1.144522
0.644000	-1.338691
0.645000	-1.534296
0.646000	-1.721696
0.647000	-1.883278
0.648000	-1.986022
0.649000	-1.969976
0.650000	-1.742743
0.651000	-1.203008
0.652000	-0.312812
0.653000	0.795995
0.654000	1.780392
0.655000	2.256044
0.656000	2.132303
0.657000	1.755682
0.658000	1.608796
0.659000	1.830715
0.660000	2.056086
0.661000	1.747536
0.662000	0.696434
0.663000	-0.811632
0.664000	-2.273048
0.665000	-3.308262
0.666000	-3.761969
0.667000	-3.617862
0.668000	-2.917799
0.669000	-1.785047
0.670000	-0.519971
0.671000	0.391701
0.672000	0.511311
0.673000	-0.217336
0.674000	-1.407731
0.675000	-2.540597
0.676000	-3.301440
0.677000	-3.659207
0.678000	-3.741574
0.679000	-3.690326
0.680000	-3.592626
0.681000	-3.482432
0.682000	-3.366283
0.683000	-3.242369
0.684000	-3.110278
0.685000	-2.975223
0.686000	-2.843812
0.687000	-2.710586
0.688000	-2.541592
0.689000	-2.259130
0.690000	-1.729068
0.691000	-0.764844
0.692000	0.817377
0.693000	3.056255
0.694000	5.646602
0.695000	7.869017
0.696000	8.878213
0.697000	8.260254
0.698000	6.354647
0.699000	3.990985
0.700000	1.924991
0.701000	0.506038
0.702000	-0.277155
0.703000	-0.600012
0.704000	-0.659389
0.705000	-0.610683
0.706000	-0.544514
0.707000	-0.491292
0.708000	-0.450887
0.709000	-0.422920
0.710000	-0.416072
0.711000	-0.442189
0.712000	-0.508171
0.713000	-0.606521
0.714000	-0.707227
0.715000	-0.758692
0.716000	-0.691442
0.717000	-0.413962
0.718000	0.182248
0.719000	1.168845
0.720000	2.474060
0.721000	3.817503
0.722000	4.829079
0.723000	5.313620
0.724000	5.356884
0.725000	5.127702
0.726000	4.699690
0.727000	4.153331
0.728000	3.678051
0.729000	3.378977
0.730000	3.048865
0.731000	2.311002
0.732000	1.017724
0.733000	-0.584671
0.734000	-2.082249
0.735000	-3.182515
0.736000	-3.787221
0.737000	-3.903610
0.738000	-3.561185
0.739000	-2.814313
0.740000	-1.823193
0.741000	-0.926296
0.742000	-0.552833
0.743000	-0.946789
0.744000	-1.960569
0.745000	-3.173661
0.746000	-4.200889
0.747000	-4.871099
0.748000	-5.197897
0.749000	-5.277076
0.750000	-5.210560
0.751000	-5.062082
0.752000	-4.831409
0.753000	-4.453297
0.754000	-3.827243
0.755000	-2.876367
0.756000	-1.633112
0.757000	-0.306776
0.758000	0.789885
0.759000	1.499308
0.760000	2.011848
0.761000	2.680717
0.762000	3.607375
0.763000	4.492960
0.764000	4.903381
0.765000	4.580401
0.766000	3.524020
0.767000	1.959030
0.768000	0.268661
0.769000	-1.169229
0.770000	-2.154811
0.771000	-2.692204
0.772000	-2.892440
0.773000	-2.874143
0.774000	-2.715212
0.775000	-2.440364
0.776000	-2.022882
0.777000	-1.395182
0.778000	-0.481059
0.779000	0.726710
0.780000	2.055200
0.781000	3.113799
0.782000	3.469054
0.783000	2.966232
0.784000	1.873243
0.785000	0.666883
0.786000	-0.296347
0.787000	-0.907855
0.788000	-1.211916
0.789000	-1.254135
0.790000	-0.990131
0.791000	-0.278850
0.792000	1.039898
0.793000	2.978702
0.794000	5.195185
0.795000	6.938221
0.796000	7.386047
0.797000	6.245026
0.798000	4.009669
0.799000	1.568489
0.800000	-0.382527
0.801000	-1.561247
0.802000	-1.959226
0.803000	-1.650322
0.804000	-0.733308
0.805000	0.595572
0.806000	1.959454
0.807000	2.888194
0.808000	3.120669
0.809000	2.821631
0.810000	2.380492
0.811000	1.975655
0.812000	1.427896
0.813000	0.496371
0.814000	-0.784744
0.815000	-2.122447
0.816000	-3.230806
0.817000	-4.002076
0.818000	-4.476569
0.819000	-4.738539
0.820000	-4.847801
0.821000	-4.822109
0.822000	-4.643633
0.823000	-4.266079
0.824000	-3.627951
0.825000	-2.705587
0.826000	-1.612503
0.827000	-0.650554
0.828000	-0.166410
0.829000	-0.252658
0.830000	-0.604077
0.831000	-0.735772
0.832000	-0.365857
0.833000	0.367895
0.834000	1.009668
0.835000	1.158901
0.836000	0.832717
0.837000	0.440420
0.838000	0.364068
0.839000	0.583094
0.840000	0.715919
0.841000	0.407745
0.842000	-0.349387
0.843000	-1.263220
0.844000	-2.010110
0.845000	-2.407285
0.846000	-2.401758
0.847000	-1.991527
0.848000	-1.188284
0.849000	-0.059465
0.850000	1.182239
0.851000	2.154871
0.852000	2.471515
0.853000	2.021315
0.854000	1.071581
0.855000	0.051728
0.856000	-0.737805
0.857000	-1.216460
0.858000	-1.423672
0.859000	-1.389913
0.860000	-1.080389
0.861000	-0.425922
0.862000	0.581089
0.863000	1.787484
0.864000	2.898349
0.865000	3.674594
0.866000	4.124855
0.867000	4.433082
0.868000	4.717677
0.869000	4.963075
0.870000	5.127767
0.871000	5.130921
0.872000	4.750286
0.873000	3.762835
0.874000	2.263175
0.875000	0.718910
0.876000	-0.330159
0.877000	-0.597814
0.878000	-0.185400
0.879000	0.464159
0.880000	0.787182
0.881000	0.441075
0.882000	-0.491225
0.883000	-1.637039
0.884000	-2.640745
0.885000	-3.337771
0.886000	-3.733855
0.887000	-3.915176
0.888000	-3.980192
0.889000	-4.003172
0.890000	-4.018903
0.891000	-4.027730
0.892000	-4.017274
0.893000	-3.984216
0.894000	-3.939058
0.895000	-3.891742
0.896000	-3.830702
0.897000	-3.710231
0.898000	-3.452435
0.899000	-2.961195
0.900000	-2.149318
0.901000	-0.995762
0.902000	0.363559
0.903000	1.592080
0.904000	2.298848
0.905000	2.352169
0.906000	2.042958
0.907000	1.846227
0.908000	1.991367
0.909000	2.279791
0.910000	2.327368
0.911000	1.995603
0.912000	1.578676
0.913000	1.555069
0.914000	2.149992
0.915000	3.086025
0.916000	3.725335
0.917000	3.540290
0.918000	2.531936
0.919000	1.197424
0.920000	0.136118
0.921000	-0.276491
0.922000	0.031271
0.923000	0.854478
0.924000	1.755865
0.925000	2.217064
0.926000	1.925834
0.927000	0.972145
0.928000	-0.263793
0.929000	-1.395587
0.930000	-2.198244
0.931000	-2.584609
0.932000	-2.499687
0.933000	-1.837710
0.934000	-0.445555
0.935000	1.744902
0.936000	4.482875
0.937000	7.045482
0.938000	8.438596
0.939000	7.977745
0.940000	5.795163
0.941000	2.750780
0.942000	-0.172965
0.943000	-2.394685
0.944000	-3.809283
0.945000	-4.570563
0.946000	-4.878047
0.947000	-4.884446
0.948000	-4.680990
0.949000	-4.296104
0.950000	-3.702006
0.951000	-2.870554
0.952000	-1.887917
0.953000	-1.030890
0.954000	-0.656670
0.955000	-0.933786
0.956000	-1.692394
0.957000	-2.572827
0.958000	-3.286566
0.959000	-3.729799
0.960000	-3.933846
0.961000	-3.977426
0.962000	-3.931049
0.963000	-3.835296
0.964000	-3.703400
0.965000	-3.539695
0.966000	-3.355954
0.967000	-3.167751
0.968000	-2.971386
0.969000	-2.717252
0.970000	-2.288872
0.971000	-1.486080
0.972000	-0.035089
0.973000	2.303634
0.974000	5.480645
0.975000	8.883905
0.976000	11.391157
0.977000	11.967186
0.978000	10.415713
0.979000	7.526401
0.980000	4.452232
0.981000	1.989938
0.982000	0.362857
0.983000	-0.568950
0.984000	-1.040793
0.985000	-1.243294
0.986000	-1.292108
0.987000	-1.246976
0.988000	-1.142727
0.989000	-1.010755
0.990000	-0.883657
0.991000	-0.790277
0.992000	-0.751936
0.993000	-0.783308
0.994000	-0.892744
0.995000	-1.076872
0.996000	-1.311654
0.997000	-1.545309
0.998000	-1.694983
0.999000	-1.646193
1.000000	-1.259522
1.001000	-0.403189
1.002000	0.965562
1.003000	2.688817
1.004000	4.373840
1.005000	5.557428
1.006000	5.993922
1.007000	5.774148
1.008000	5.116141
1.009000	4.087318
1.010000	2.635304
1.011000	0.858104
1.012000	-0.905364
1.013000	-2.270729
1.014000	-2.991117
1.015000	-2.946325
1.016000	-2.067357
1.017000	-0.381846
1.018000	1.806657
1.019000	3.808229
1.020000	4.762354
1.021000	4.156305
1.022000	2.209016
1.023000	-0.288618
1.024000	-2.521682
1.025000	-4.064616
1.026000	-4.906928
1.027000	-5.251096
1.028000	-5.319132
1.029000	-5.265015
1.030000	-5.172958
1.031000	-5.081849
1.032000	-4.999853
1.033000	-4.916000
1.034000	-4.818503
1.035000	-4.704544
1.036000	-4.567207
1.037000	-4.369137
1.038000	-4.024333
1.039000	-3.406646
1.040000	-2.399380
1.041000	-0.987275
1.042000	0.653326
1.043000	2.165635
1.044000	3.175473
1.045000	3.489985
1.046000	3.184490
1.047000	2.579525
1.048000	2.121945
1.049000	2.131345
1.050000	2.541342
1.051000	2.912954
1.052000	2.790904
1.053000	2.079034
1.054000	1.057930
1.055000	0.098863
1.056000	-0.574929
1.057000	-0.921186
1.058000	-1.003721
1.059000	-0.919572
1.060000	-0.756062
1.061000	-0.572574
1.062000	-0.401301
1.063000	-0.258525
1.064000	-0.155150
1.065000	-0.099495
1.066000	-0.092821
1.067000	-0.123164
1.068000	-0.165313
1.069000	-0.188914
1.070000	-0.163315
1.071000	-0.049675
1.072000	0.211686
1.073000	0.705484
1.074000	1.524427
1.075000	2.710535
1.076000	4.161974
1.077000	5.587464
1.078000	6.601146
1.079000	6.925634
1.080000	6.551292
1.081000	5.711468
1.082000	4.666038
1.083000	3.508091
1.084000	2.232350
1.085000	0.949891
1.086000	-0.064766
1.087000	-0.534372
1.088000	-0.351514
1.089000	0.355812
1.090000	1.284436
1.091000	2.122042
1.092000	2.679274
1.093000	2.830700
1.094000	2.401739
1.095000	1.283335
1.096000	-0.339042
1.097000	-2.022633
1.098000	-3.369693
1.099000	-4.240911
1.100000	-4.718839
1.101000	-4.957485
1.102000	-5.076921
1.103000	-5.139686
1.104000	-5.163354
1.105000	-5.122100
1.106000	-4.941736
1.107000	-4.532275
1.108000	-3.878145
1.109000	-3.133416
1.110000	-2.604665
1.111000	-2.550853
1.112000	-2.936767
1.113000	-3.395751
1.114000	-3.443476
1.115000	-2.735191
1.116000	-1.228408
1.117000	0.726659
1.118000	2.417880
1.119000	3.087853
1.120000	2.447211
1.121000	0.894894
1.122000	-0.824795
1.123000	-2.140025
1.124000	-2.863055
1.125000	-3.082169
1.126000	-2.976522
1.127000	-2.698972
1.128000	-2.339094
1.129000	-1.935262
1.130000	-1.503943
1.131000	-1.062810
1.132000	-0.635731
1.133000	-0.243263
1.134000	0.102416
1.135000	0.388037
1.136000	0.593789
1.137000	0.711169
1.138000	0.770139
1.139000	0.845977
1.140000	1.037663
1.141000	1.430609
1.142000	2.055368
1.143000	2.849011
1.144000	3.641795
1.145000	4.224240
1.146000	4.510825
1.147000	4.661742
1.148000	4.979236
1.149000	5.630354
1.150000	6.464716
1.151000	7.091404
1.152000	7.120113
1.153000	6.383636
1.154000	5.044875
1.155000	3.533336
1.156000	2.315794
1.157000	1.655192
1.158000	1.506506
1.159000	1.561974
1.160000	1.428893
1.161000	0.885772
1.162000	0.023263
1.163000	-0.873142
1.164000	-1.562961
1.165000	-1.981028
1.166000	-2.202437
1.167000	-2.339095
1.168000	-2.467850
1.169000	-2.618749
1.170000	-2.793734
1.171000	-2.982028
1.172000	-3.164924
1.173000	-3.317986
1.174000	-3.418277
1.175000	-3.457492
1.176000	-3.451040
1.177000	-3.430270
1.178000	-3.420533
1.179000	-3.420843
1.180000	-3.390577
1.181000	-3.237034
1.182000	-2.807089
1.183000	-1.902690
1.184000	-0.356980
1.185000	1.797872
1.186000	4.145520
1.187000	5.914870
1.188000	6.372390
1.189000	5.319589
1.190000	3.225048
1.191000	0.874528
1.192000	-1.104598
1.193000	-2.463294
1.194000	-3.249072
1.195000	-3.619015
1.196000	-3.713951
1.197000	-3.626377
1.198000	-3.419372
1.199000	-3.150022
1.200000	-2.876494
1.201000	-2.647978
1.202000	-2.486749
1.203000	-2.378893
1.204000	-2.285406
1.205000	-2.166507
1.206000	-1.999199
1.207000	-1.774105
1.208000	-1.474661
1.209000	-1.056825
1.210000	-0.455545
1.211000	0.359460
1.212000	1.294074
1.213000	2.094317
1.214000	2.465848
1.215000	2.303084
1.216000	1.815776
1.217000	1.426316
1.218000	1.547009
1.219000	2.381821
1.220000	3.784382
1.221000	5.229269
1.222000	6.048138
1.223000	5.904889
1.224000	5.090889
1.225000	4.266616
1.226000	3.883711
1.227000	3.850351
1.228000	3.698119
1.229000	3.048121
1.230000	1.929559
1.231000	0.679735
1.232000	-0.377530
1.233000	-1.113875
1.234000	-1.556088
1.235000	-1.779303
1.236000	-1.856382
1.237000	-1.859094
1.238000	-1.858055
1.239000	-1.901730
1.240000	-1.996490
1.241000	-2.113794
1.242000	-2.219546
1.243000	-2.296052
1.244000	-2.342117
1.245000	-2.363657
1.246000	-2.367517
1.247000	-2.358325
1.248000	-2.333620
1.249000	-2.273443
1.250000	-2.128045
1.251000	-1.820357
1.252000	-1.282376
1.253000	-0.524615
1.254000	0.313017
1.255000	1.026575
1.256000	1.542127
1.257000	2.032561
1.258000	2.730844
1.259000	3.572520
1.260000	4.099589
1.261000	3.824294
1.262000	2.694485
1.263000	1.139493
1.264000	-0.311228
1.265000	-1.370971
1.266000	-2.020827
1.267000	-2.356561
1.268000	-2.478110
1.269000	-2.471181
1.270000	-2.416382
1.271000	-2.377629
1.272000	-2.376163
1.273000	-2.383326
1.274000	-2.348865
1.275000	-2.241614
1.276000	-2.065648
1.277000	-1.844405
1.278000	-1.598109
1.279000	-1.338648
1.280000	-1.077276
1.281000	-0.825378
1.282000	-0.587187
1.283000	-0.361492
1.284000	-0.155569
1.285000	0.009551
1.286000	0.117559
1.287000	0.181985
1.288000	0.250926
1.289000	0.391853
1.290000	0.677171
1.291000	1.177929
1.292000	1.952318
1.293000	3.010617
1.294000	4.258169
1.295000	5.466167
1.296000	6.328409
1.297000	6.571866
1.298000	6.050806
1.299000	4.831436
1.300000	3.226143
1.301000	1.661710
1.302000	0.451952
1.303000	-0.310503
1.304000	-0.694763
1.305000	-0.826925
1.306000	-0.827252
1.307000	-0.784852
1.308000	-0.748572
1.309000	-0.734822
1.310000	-0.751990
1.311000	-0.821740
1.312000	-0.975186
1.313000	-1.224682
1.314000	-1.535735
1.315000	-1.826191
1.316000	-1.996936
1.317000	-1.967197
1.318000	-1.684826
1.319000	-1.120651
1.320000	-0.289211
1.321000	0.695352
1.322000	1.599425
1.323000	2.154256
1.324000	2.184549
1.325000	1.672630
1.326000	0.757823
1.327000	-0.304707
1.328000	-1.252627
1.329000	-1.938368
1.330000	-2.350358
1.331000	-2.532329
1.332000	-2.497014
1.333000	-2.200301
1.334000	-1.589044
1.335000	-0.710375
1.336000	0.192210
1.337000	0.738198
1.338000	0.661315
1.339000	0.029494
1.340000	-0.817304
1.341000	-1.533411
1.342000	-1.955122
1.343000	-2.099701
1.344000	-2.073720
1.345000	-1.991938
1.346000	-1.931415
1.347000	-1.917976
1.348000	-1.941329
1.349000	-1.980878
1.350000	-2.017980
1.351000	-2.032310
1.352000	-2.000543
1.353000	-1.905546
1.354000	-1.743194
1.355000	-1.511771
1.356000	-1.188197
1.357000	-0.713268
1.358000	-0.007304
1.359000	0.976042
1.360000	2.180236
1.361000	3.430012
1.362000	4.518901
1.363000	5.323057
1.364000	5.819709
1.365000	6.014619
1.366000	5.863172
1.367000	5.267925
1.368000	4.206286
1.369000	2.864921
1.370000	1.573643
1.371000	0.591293
1.372000	-0.018276
1.373000	-0.340489
1.374000	-0.498558
1.375000	-0.583677
1.376000	-0.648245
1.377000	-0.718697
1.378000	-0.795640
1.379000	-0.857167
1.380000	-0.882437
1.381000	-0.877597
1.382000	-0.878048
1.383000	-0.922929
1.384000	-1.022775
1.385000	-1.149504
1.386000	-1.256307
1.387000	-1.306115
1.388000	-1.287953
1.389000	-1.219044
1.390000	-1.132262
1.391000	-1.045560
1.392000	-0.926762
1.393000	-0.680581
1.394000	-0.174137
1.395000	0.690261
1.396000	1.853607
1.397000	3.000528
1.398000	3.653868
1.399000	3.523811
1.400000	2.806886
1.401000	2.054579
1.402000	1.705393
1.403000	1.739590
1.404000	1.745538
1.405000	1.310447
1.406000	0.373936
1.407000	-0.776023
1.408000	-1.788679
1.409000	-2.480415
1.410000	-2.851359
1.411000	-2.990189
1.412000	-2.996678
1.413000	-2.950537
1.414000	-2.900908
1.415000	-2.865448
1.416000	-2.840372
1.417000	-2.811965
1.418000	-2.761714
1.419000	-2.671327
1.420000	-2.533329
1.421000	-2.359161
1.422000	-2.171687
1.423000	-1.985438
1.424000	-1.796218
1.425000	-1.588256
1.426000	-1.338800
1.427000	-1.008362
1.428000	-0.535265
1.429000	0.139963
1.430000	1.010520
1.431000	1.929958
1.432000	2.616125
1.433000	2.799212
1.434000	2.422656
1.435000	1.691679
1.436000	0.917232
1.437000	0.327234
1.438000	-0.003741
1.439000	-0.114758
1.440000	-0.084003
1.441000	0.027254
1.442000	0.188652
1.443000	0.378759
1.444000	0.565076
1.445000	0.715839
1.446000	0.825430
1.447000	0.918632
1.448000	1.025984
1.449000	1.149195
1.450000	1.249402
1.451000	1.276111
1.452000	1.210677
1.453000	1.081387
1.454000	0.942849
1.455000	0.848091
1.456000	0.836805
1.457000	0.939989
1.458000	1.186055
1.459000	1.585592
1.460000	2.083164
1.461000	2.514579
1.462000	2.653449
1.463000	2.362968
1.464000	1.715375
1.465000	0.944892
1.466000	0.299824
1.467000	-0.049783
1.468000	-0.013609
1.469000	0.428823
1.470000	1.185880
1.471000	1.998427
1.472000	2.495642
1.473000	2.410554
1.474000	1.775579
1.475000	0.869677
1.476000	-0.021235
1.477000	-0.765883
1.478000	-1.366473
1.479000	-1.858919
1.480000	-2.249311
1.481000	-2.513165
1.482000	-2.628103
1.483000	-2.604838
1.484000	-2.491295
1.485000	-2.346622
1.486000	-2.214015
1.487000	-2.116998
1.488000	-2.066312
1.489000	-2.059739
1.490000	-2.082053
1.491000	-2.113240
1.492000	-2.137961
1.493000	-2.148525
1.494000	-2.138567
1.495000	-2.087018
1.496000	-1.941037
1.497000	-1.622473
1.498000	-1.083190
1.499000	-0.391377
1.500000	0.236261
1.501000	0.542013
1.502000	0.424755
1.503000	0.033281
1.504000	-0.348245
1.505000	-0.482152
1.506000	-0.251547
1.507000	0.360404
1.508000	1.271659
1.509000	2.255481
1.510000	2.957340
1.511000	3.075602
1.512000	2.584912
1.513000	1.745934
1.514000	0.885009
1.515000	0.196228
1.516000	-0.282619
1.517000	-0.592304
1.518000	-0.780172
1.519000	-0.871391
1.520000	-0.874482
1.521000	-0.796493
1.522000	-0.649708
1.523000	-0.450527
1.524000	-0.221542
1.525000	0.001949
1.526000	0.177694
1.527000	0.284883
1.528000	0.354186
1.529000	0.468859
1.530000	0.731909
1.531000	1.208738
1.532000	1.853822
1.533000	2.466149
1.534000	2.760478
1.535000	2.561039
1.536000	1.947046
1.537000	1.186174
1.538000	0.539253
1.539000	0.145297
1.540000	0.051216
1.541000	0.286457
1.542000	0.868270
1.543000	1.711943
1.544000	2.539165
1.545000	2.946068
1.546000	2.667322
1.547000	1.795490
1.548000	0.696093
1.549000	-0.279830
1.550000	-0.979369
1.551000	-1.424815
1.552000	-1.700286
1.553000	-1.867411
1.554000	-1.949853
1.555000	-1.966427
1.556000	-1.961068
1.557000	-1.991573
1.558000	-2.089935
1.559000	-2.238377
1.560000	-2.384641
1.561000	-2.477950
1.562000	-2.491840
1.563000	-2.423210
1.564000	-2.281886
1.565000	-2.079091
1.566000	-1.809140
1.567000	-1.432084
1.568000	-0.886523
1.569000	-0.149323
1.570000	0.684507
1.571000	1.376258
1.572000	1.652419
1.573000	1.407070
1.574000	0.797191
1.575000	0.113572
1.576000	-0.425572
1.577000	-0.757469
1.578000	-0.916887
1.579000	-0.948723
1.580000	-0.874440
1.581000	-0.707398
1.582000	-0.470252
1.583000	-0.197637
1.584000	0.065190
1.585000	0.270793
1.586000	0.389661
1.587000	0.424971
1.588000	0.407380
1.589000	0.377228
1.590000	0.366716
1.591000	0.388472
1.592000	0.436204
1.593000	0.496830
1.594000	0.561043
1.595000	0.623534
1.596000	0.680959
1.597000	0.735450
1.598000	0.796431
1.599000	0.872209
1.600000	0.955703
1.601000	1.017393
1.602000	1.016497
1.603000	0.928860
1.604000	0.771775
1.605000	0.602152
1.606000	0.492774
1.607000	0.518140
1.608000	0.758008
1.609000	1.281385
1.610000	2.076926
1.611000	2.963883
1.612000	3.596133
1.613000	3.644517
1.614000	3.043233
1.615000	2.042088
1.616000	1.003684
1.617000	0.175532
1.618000	-0.370108
1.619000	-0.668792
1.620000	-0.793267
1.621000	-0.826540
1.622000	-0.850640
1.623000	-0.923246
1.624000	-1.054124
1.625000	-1.208460
1.626000	-1.336970
1.627000	-1.405582
1.628000	-1.405890
1.629000	-1.351584
1.630000	-1.271783
1.631000	-1.201789
1.632000	-1.166357
1.633000	-1.162973
1.634000	-1.167626
1.635000	-1.165990
1.636000	-1.175635
1.637000	-1.232399
1.638000	-1.358135
1.639000	-1.541314
1.640000	-1.735962
1.641000	-1.865628
1.642000	-1.828143
1.643000	-1.512147
1.644000	-0.843068
1.645000	0.132632
1.646000	1.168755
1.647000	1.865541
1.648000	1.905476
1.649000	1.301143
1.650000	0.379171
1.651000	-0.480054
1.652000	-1.055662
1.653000	-1.303682
1.654000	-1.277899
1.655000	-1.070192
1.656000	-0.782115
1.657000	-0.496829
1.658000	-0.252062
1.659000	-0.044461
1.660000	0.132486
1.661000	0.261296
1.662000	0.315577
1.663000	0.293583
1.664000	0.228091
1.665000	0.162962
1.666000	0.124635
1.667000	0.118685
1.668000	0.143532
1.669000	0.193446
1.670000	0.255820
1.671000	0.328160
1.672000	0.448696
1.673000	0.702310
1.674000	1.167981
1.675000	1.818782
1.676000	2.458916
1.677000	2.804577
1.678000	2.689997
1.679000	2.201129
1.680000	1.585932
1.681000	1.054297
1.682000	0.676941
1.683000	0.421152
1.684000	0.224133
1.685000	0.036391
1.686000	-0.163057
1.687000	-0.363097
1.688000	-0.528417
1.689000	-0.623798
1.690000	-0.641568
1.691000	-0.607946
1.692000	-0.563326
1.693000	-0.535321
1.694000	-0.528595
1.695000	-0.537552
1.696000	-0.557828
1.697000	-0.576287
1.698000	-0.561627
1.699000	-0.485231
1.700000	-0.355283
1.701000	-0.222807
1.702000	-0.150606
1.703000	-0.172529
1.704000	-0.275448
1.705000	-0.416133
1.706000	-0.552774
1.707000	-0.658378
1.708000	-0.711906
1.709000	-0.691139
1.710000	-0.580900
1.711000	-0.385383
1.712000	-0.124481
1.713000	0.191857
1.714000	0.584694
1.715000	1.077439
1.716000	1.611725
1.717000	1.993660
1.718000	1.986661
1.719000	1.513537
1.720000	0.747163
1.721000	-0.025174
1.722000	-0.601473
1.723000	-0.934517
1.724000	-1.073543
1.725000	-1.087837
1.726000	-1.031127
1.727000	-0.937369
1.728000	-0.827416
1.729000	-0.717031
1.730000	-0.619077
1.731000	-0.538301
1.732000	-0.469142
1.733000	-0.405545
1.734000	-0.353390
1.735000	-0.328983
1.736000	-0.344250
1.737000	-0.394474
1.738000	-0.460167
1.739000	-0.521389
1.740000	-0.570871
1.741000	-0.612905
1.742000	-0.649637
1.743000	-0.669002
1.744000	-0.648417
1.745000	-0.574341
1.746000	-0.457483
1.747000	-0.323273
1.748000	-0.182355
1.749000	-0.003366
1.750000	0.290079
1.751000	0.780863
1.752000	1.477917
1.753000	2.235420
1.754000	2.764208
1.755000	2.799745
1.756000	2.312157
1.757000	1.528998
1.758000	0.743826
1.759000	0.132746
1.760000	-0.270113
1.761000	-0.498413
1.762000	-0.592456
1.763000	-0.585664
1.764000	-0.513265
1.765000	-0.416364
1.766000	-0.335839
1.767000	-0.301341
1.768000	-0.320180
1.769000	-0.372851
1.770000	-0.423305
1.771000	-0.440445
1.772000	-0.414835
1.773000	-0.360196
1.774000	-0.303362
1.775000	-0.270311
1.776000	-0.272313
1.777000	-0.295845
1.778000	-0.303791
1.779000	-0.255849
1.780000	-0.139554
1.781000	0.017064
1.782000	0.165470
1.783000	0.264817
1.784000	0.290880
1.785000	0.233988
1.786000	0.105762
1.787000	-0.053936
1.788000	-0.189847
1.789000	-0.257179
1.790000	-0.238523
1.791000	-0.146887
1.792000	-0.020433
1.793000	0.092777
1.794000	0.156509
1.795000	0.159133
1.796000	0.111438
1.797000	0.038547
1.798000	-0.027836
1.799000	-0.059867
1.800000	-0.048407
1.801000	-0.011396
1.802000	0.019427
1.803000	0.026876
1.804000	0.022627
1.805000	0.033079
1.806000	0.074971
1.807000	0.144049
1.808000	0.220831
1.809000	0.282195
1.810000	0.307419
1.811000	0.279672
1.812000	0.191649
1.813000	0.056385
1.814000	-0.087872
1.815000	-0.190273
1.816000	-0.213738
1.817000	-0.156775
1.818000	-0.053676
1.819000	0.047923
1.820000	0.113266
1.821000	0.131029
1.822000	0.108602
1.823000	0.062622
1.824000	0.009957
1.825000	-0.037176
1.826000	-0.068192
1.827000	-0.069377
1.828000	-0.028901
1.829000	0.050611
1.830000	0.146328
1.831000	0.225305
1.832000	0.264280
1.833000	0.260841
1.834000	0.226224
1.835000	0.172690
1.836000	0.111612
1.837000	0.059872
1.838000	0.039630
1.839000	0.063963
1.840000	0.119603
1.841000	0.166927
1.842000	0.163971
1.843000	0.097596
1.844000	-0.003967
1.845000	-0.088591
1.846000	-0.116083
1.847000	-0.086597
1.848000	-0.041577
1.849000	-0.036561
1.850000	-0.102236
1.851000	-0.220237
1.852000	-0.334522
1.853000	-0.390843
1.854000	-0.371539
1.855000	-0.298463
1.856000	-0.207024
1.857000	-0.118905
1.858000	-0.036247
1.859000	0.044714
1.860000	0.118654
1.861000	0.167749
1.862000	0.170369
1.863000	0.117200
1.864000	0.024631
1.865000	-0.068954
1.866000	-0.124958
1.867000	-0.126362
1.868000	-0.083233
1.869000	-0.024437
1.870000	0.014371
1.871000	0.005109
1.872000	-0.056206
1.873000	-0.142661
1.874000	-0.213565
1.875000	-0.247204
1.876000	-0.253942
1.877000	-0.250032
1.878000	-0.225631
1.879000	-0.153327
1.880000	-0.029339
1.881000	0.106314
1.882000	0.198822
1.883000	0.222811
1.884000	0.192692
1.885000	0.139060
1.886000	0.086696
1.887000	0.048876
1.888000	0.028710
1.889000	0.023240
1.890000	0.029779
1.891000	0.047580
1.892000	0.072377
1.893000	0.091901
1.894000	0.087814
1.895000	0.042615
1.896000	-0.049694
1.897000	-0.173324
1.898000	-0.291282
1.899000	-0.362220
1.900000	-0.362615
1.901000	-0.295563
1.902000	-0.182282
1.903000	-0.050147
1.904000	0.074518
1.905000	0.173241
1.906000	0.241644
1.907000	0.286631
1.908000	0.314621
1.909000	0.324547
1.910000	0.311046
1.911000	0.268451
1.912000	0.192457
1.913000	0.085612
1.914000	-0.033392
1.915000	-0.127785
1.916000	-0.159373
1.917000	-0.116245
1.918000	-0.025316
1.919000	0.065661
1.920000	0.120928
1.921000	0.137244
1.922000	0.141441
1.923000	0.169129
1.924000	0.234549
1.925000	0.314192
1.926000	0.366446
1.927000	0.372552
1.928000	0.351587
1.929000	0.329934
1.930000	0.304360
1.931000	0.245378
1.932000	0.134050
1.933000	-0.012108
1.934000	-0.147549
1.935000	-0.228464
1.936000	-0.239000
1.937000	-0.197522
1.938000	-0.142252
1.939000	-0.108286
1.940000	-0.110865
1.941000	-0.143309
1.942000	-0.186271
1.943000	-0.218596
1.944000	-0.224462
1.945000	-0.198769
1.946000	-0.152369
1.947000	-0.109073
1.948000	-0.087229
1.949000	-0.081878
1.950000	-0.069720
1.951000	-0.027866
1.952000	0.055989
1.953000	0.179288
1.954000	0.316335
1.955000	0.417356
1.956000	0.428817
1.957000	0.326799
1.958000	0.136669
1.959000	-0.081781
1.960000	-0.271332
1.961000	-0.400813
1.962000	-0.459314
1.963000	-0.441637
1.964000	-0.351905
1.965000	-0.219207
1.966000	-0.092952
1.967000	-0.013256
1.968000	0.009646
1.969000	-0.012025
1.970000	-0.060761
1.971000	-0.121314
1.972000	-0.180336
1.973000	-0.226972
1.974000	-0.255362
1.975000	-0.263169
1.976000	-0.245154
1.977000	-0.192623
1.978000	-0.106121
1.979000	-0.006327
1.980000	0.077195
1.981000	0.130989
1.982000	0.165917
1.983000	0.198589
1.984000	0.230392
1.985000	0.247477
1.986000	0.236865
1.987000	0.198623
1.988000	0.142908
1.989000	0.080515
1.990000	0.019879
1.991000	-0.031909
1.992000	-0.070466
1.993000	-0.095577
1.994000	-0.110496
1.995000	-0.119230
1.996000	-0.121817
1.997000	-0.112293
1.998000	-0.084299
1.999000	-0.039184
2.000000	0.013386
2.001000	0.063496
2.002000	0.107727
2.003000	0.143880
2.004000	0.158468
2.005000	0.127109
2.006000	0.036345
2.007000	-0.093408
2.008000	-0.211836
2.009000	-0.270202
2.010000	-0.250085
2.011000	-0.166093
2.012000	-0.050840
2.013000	0.059960
2.014000	0.139385
2.015000	0.180268
2.016000	0.197023
2.017000	0.210285
2.018000	0.225646
2.019000	0.228289
2.020000	0.198688
2.021000	0.133744
2.022000	0.054510
2.023000	-0.005201
2.024000	-0.018914
2.025000	0.018205
2.026000	0.088548
2.027000	0.162820
2.028000	0.213144
2.029000	0.222852
2.030000	0.194774
2.031000	0.153152
2.032000	0.128683
2.033000	0.137340
2.034000	0.176968
2.035000	0.236924
2.036000	0.297093
2.037000	0.320543
2.038000	0.265773
2.039000	0.119416
2.040000	-0.083323
2.041000	-0.275604
2.042000	-0.400043
2.043000	-0.439616
2.044000	-0.417383
2.045000	-0.371649
2.046000	-0.330917
2.047000	-0.306601
2.048000	-0.299559
2.049000	-0.307811
2.050000	-0.330970
2.051000	-0.369087
2.052000	-0.414582
2.053000	-0.448706
2.054000	-0.452743
2.055000	-0.421158
2.056000	-0.360334
2.057000	-0.279804
2.058000	-0.191303
2.059000	-0.113044
2.060000	-0.064555
2.061000	-0.051721
2.062000	-0.058541
2.063000	-0.055628
2.064000	-0.019259
2.065000	0.052644
2.066000	0.138066
2.067000	0.202726
2.068000	0.219932
2.069000	0.190112
2.070000	0.146606
2.071000	0.137183
2.072000	0.191922
2.073000	0.303810
2.074000	0.435206
2.075000	0.538703
2.076000	0.576116
2.077000	0.531769
2.078000	0.420872
2.079000	0.288455
2.080000	0.192311
2.081000	0.173721
2.082000	0.234784
2.083000	0.340512
2.084000	0.443903
2.085000	0.513138
2.086000	0.540815
2.087000	0.533584
2.088000	0.497389
2.089000	0.432816
2.090000	0.341133
2.091000	0.231898
2.092000	0.123136
2.093000	0.032193
2.094000	-0.034244
2.095000	-0.079736
2.096000	-0.107446
2.097000	-0.113578
2.098000	-0.096358
2.099000	-0.069656
2.100000	-0.059579
2.101000	-0.082696
2.102000	-0.129075
2.103000	-0.171023
2.104000	-0.189720
2.105000	-0.189140
2.106000	-0.183852
2.107000	-0.182476
2.108000	-0.186886
2.109000	-0.198465
2.110000	-0.218774
2.111000	-0.248112
2.112000	-0.286289
2.113000	-0.330742
2.114000	-0.369467
2.115000	-0.377822
2.116000	-0.330712
2.117000	-0.225428
2.118000	-0.091499
2.119000	0.027343
2.120000	0.101713
2.121000	0.125327
2.122000	0.097960
2.123000	0.008398
2.124000	-0.156533
2.125000	-0.385445
2.126000	-0.512085
