0.000000	0.000000
0.001000	0.005221
0.002000	0.063215
0.003000	0.251972
0.004000	0.599116
0.005000	1.065947
0.006000	1.584614
0.007000	2.083592
0.008000	2.501622
0.009000	2.794096
0.010000	2.934707
0.011000	2.913950
0.012000	2.736447
0.013000	2.417883
0.014000	1.981368
0.015000	1.454383
0.016000	0.866564
0.017000	0.247484
0.018000	-0.375336
0.019000	-0.977858
0.020000	-1.540371
0.021000	-2.047422
0.022000	-2.487362
0.023000	-2.852366
0.024000	-3.138262
0.025000	-3.343983
0.026000	-3.471103
0.027000	-3.522058
0.028000	-3.471062
0.029000	-3.245771
0.030000	-2.799725
0.031000	-2.162114
0.032000	-1.404714
0.033000	-0.610523
0.034000	0.144195
0.035000	0.798856
0.036000	1.311925
0.037000	1.660732
0.038000	1.839456
0.039000	1.856161
0.040000	1.729022
0.041000	1.482656
0.042000	1.145174
0.043000	0.745491
0.044000	0.311093
0.045000	-0.133418
0.046000	-0.567033
0.047000	-0.972154
0.048000	-1.334309
0.049000	-1.642092
0.050000	-1.877582
0.051000	-1.975930
0.052000	-1.856059
0.053000	-1.504905
0.054000	-0.976293
0.055000	-0.350974
0.056000	0.288314
0.057000	0.870717
0.058000	1.344412
0.059000	1.677977
0.060000	1.858333
0.061000	1.887361
0.062000	1.777790
0.063000	1.549537
0.064000	1.226944
0.065000	0.836453
0.066000	0.404250
0.067000	-0.045502
0.068000	-0.491436
0.069000	-0.915387
0.070000	-1.302378
0.071000	-1.629398
0.072000	-1.807135
0.073000	-1.684080
0.074000	-1.183326
0.075000	-0.361641
0.076000	0.651646
0.077000	1.710245
0.078000	2.682324
0.079000	3.465940
0.080000	3.994767
0.081000	4.236512
0.082000	4.187329
0.083000	3.865892
0.084000	3.307637
0.085000	2.559503
0.086000	1.674870
0.087000	0.707865
0.088000	-0.291138
0.089000	-1.276832
0.090000	-2.209036
0.091000	-3.053841
0.092000	-3.785498
0.093000	-4.387802
0.094000	-4.848351
0.095000	-5.116405
0.096000	-5.108397
0.097000	-4.795485
0.098000	-4.227136
0.099000	-3.489745
0.100000	-2.676172
0.101000	-1.868923
0.102000	-1.132555
0.103000	-0.510261
0.104000	-0.024603
0.105000	0.317757
0.106000	0.521510
0.107000	0.599859
0.108000	0.571813
0.109000	0.459332
0.110000	0.285381
0.111000	0.072794
0.112000	-0.157179
0.113000	-0.386302
0.114000	-0.599113
0.115000	-0.782451
0.116000	-0.926564
0.117000	-1.025705
0.118000	-1.077546
0.119000	-1.082718
0.120000	-1.044060
0.121000	-0.965463
0.122000	-0.851171
0.123000	-0.705694
0.124000	-0.534063
0.125000	-0.342287
0.126000	-0.130213
0.127000	0.151559
0.128000	0.584029
0.129000	1.190044
0.130000	1.921634
0.131000	2.700670
0.132000	3.446029
0.133000	4.088702
0.134000	4.578406
0.135000	4.884724
0.136000	4.995333
0.137000	4.913948
0.138000	4.657113
0.139000	4.249229
0.140000	3.720287
0.141000	3.148457
0.142000	2.717075
0.143000	2.588488
0.144000	2.769828
0.145000	3.162538
0.146000	3.631696
0.147000	4.047307
0.148000	4.305606
0.149000	4.337186
0.150000	4.108163
0.151000	3.617061
0.152000	2.887474
0.153000	1.959013
0.154000	0.880774
0.155000	-0.293152
0.156000	-1.507687
0.157000	-2.710571
0.158000	-3.856155
0.159000	-4.907152
0.160000	-5.833609
0.161000	-6.612047
0.162000	-7.226504
0.163000	-7.669337
0.164000	-7.940128
0.165000	-8.044083
0.166000	-7.990660
0.167000	-7.792507
0.168000	-7.461645
0.169000	-6.970528
0.170000	-6.249443
0.171000	-5.273209
0.172000	-4.094586
0.173000	-2.804086
0.174000	-1.498854
0.175000	-0.265352
0.176000	0.829047
0.177000	1.738583
0.178000	2.438557
0.179000	2.923142
0.180000	3.201578
0.181000	3.294024
0.182000	3.227194
0.183000	3.030886
0.184000	2.736266
0.185000	2.375009
0.186000	1.997258
0.187000	1.697839
0.188000	1.559966
0.189000	1.623656
0.190000	1.923439
0.191000	2.446112
0.192000	3.105454
0.193000	3.787185
0.194000	4.384959
0.195000	4.848512
0.196000	5.208152
0.197000	5.494795
0.198000	5.683319
0.199000	5.724561
0.200000	5.573369
0.201000	5.201470
0.202000	4.602040
0.203000	3.787908
0.204000	2.787282
0.205000	1.639926
0.206000	0.393098
0.207000	-0.902173
0.208000	-2.194420
0.209000	-3.435654
0.210000	-4.584777
0.211000	-5.607935
0.212000	-6.478007
0.213000	-7.175288
0.214000	-7.688336
0.215000	-8.013374
0.216000	-8.153258
0.217000	-8.117403
0.218000	-7.920556
0.219000	-7.580643
0.220000	-7.116961
0.221000	-6.549186
0.222000	-5.896620
0.223000	-5.164450
0.224000	-4.304151
0.225000	-3.256333
0.226000	-2.032631
0.227000	-0.704345
0.228000	0.637052
0.229000	1.903393
0.230000	3.022576
0.231000	3.944730
0.232000	4.642012
0.233000	5.105048
0.234000	5.339492
0.235000	5.377125
0.236000	5.352497
0.237000	5.458735
0.238000	5.775125
0.239000	6.247472
0.240000	6.765420
0.241000	7.212268
0.242000	7.489623
0.243000	7.527879
0.244000	7.290223
0.245000	6.789882
0.246000	6.118740
0.247000	5.384418
0.248000	4.630539
0.249000	3.853145
0.250000	3.032983
0.251000	2.152287
0.252000	1.202866
0.253000	0.189345
0.254000	-0.870994
0.255000	-1.951901
0.256000	-3.023222
0.257000	-4.054477
0.258000	-5.017173
0.259000	-5.886053
0.260000	-6.639459
0.261000	-7.259063
0.262000	-7.730892
0.263000	-8.047649
0.264000	-8.209352
0.265000	-8.221686
0.266000	-8.094568
0.267000	-7.840664
0.268000	-7.472839
0.269000	-7.003502
0.270000	-6.445552
0.271000	-5.813202
0.272000	-5.121529
0.273000	-4.354635
0.274000	-3.447325
0.275000	-2.361679
0.276000	-1.136257
0.277000	0.149782
0.278000	1.409290
0.279000	2.565794
0.280000	3.562427
0.281000	4.361471
0.282000	4.941357
0.283000	5.296202
0.284000	5.438141
0.285000	5.432248
0.286000	5.426412
0.287000	5.570903
0.288000	5.907552
0.289000	6.371985
0.290000	6.855244
0.291000	7.245824
0.292000	7.452891
0.293000	7.415946
0.294000	7.106772
0.295000	6.526005
0.296000	5.697582
0.297000	4.662351
0.298000	3.477003
0.299000	2.248464
0.300000	1.111921
0.301000	0.142928
0.302000	-0.654828
0.303000	-1.312102
0.304000	-1.870486
0.305000	-2.369414
0.306000	-2.838283
0.307000	-3.293670
0.308000	-3.740898
0.309000	-4.177484
0.310000	-4.596169
0.311000	-4.985673
0.312000	-5.331975
0.313000	-5.620120
0.314000	-5.836952
0.315000	-5.974204
0.316000	-6.027396
0.317000	-5.993815
0.318000	-5.872340
0.319000	-5.664225
0.320000	-5.374147
0.321000	-5.009716
0.322000	-4.579691
0.323000	-4.093646
0.324000	-3.562633
0.325000	-2.970897
0.326000	-2.204249
0.327000	-1.134157
0.328000	0.235979
0.329000	1.793771
0.330000	3.388421
0.331000	4.874901
0.332000	6.135953
0.333000	7.089487
0.334000	7.688188
0.335000	7.923665
0.336000	7.860380
0.337000	7.609683
0.338000	7.243334
0.339000	6.779510
0.340000	6.213757
0.341000	5.537779
0.342000	4.748402
0.343000	3.870902
0.344000	2.993197
0.345000	2.208798
0.346000	1.543559
0.347000	0.974070
0.348000	0.458883
0.349000	-0.043677
0.350000	-0.562422
0.351000	-1.076181
0.352000	-1.507701
0.353000	-1.805834
0.354000	-1.986295
0.355000	-2.097574
0.356000	-2.192567
0.357000	-2.314084
0.358000	-2.490569
0.359000	-2.735635
0.360000	-3.049467
0.361000	-3.421321
0.362000	-3.831401
0.363000	-4.254244
0.364000	-4.663992
0.365000	-5.036738
0.366000	-5.349620
0.367000	-5.582338
0.368000	-5.720227
0.369000	-5.755501
0.370000	-5.686692
0.371000	-5.517532
0.372000	-5.255359
0.373000	-4.905779
0.374000	-4.437994
0.375000	-3.782391
0.376000	-2.910884
0.377000	-1.869693
0.378000	-0.741112
0.379000	0.386906
0.380000	1.437403
0.381000	2.351958
0.382000	3.092170
0.383000	3.638827
0.384000	3.990464
0.385000	4.158146
0.386000	4.160570
0.387000	4.033873
0.388000	3.866365
0.389000	3.759336
0.390000	3.748253
0.391000	3.818734
0.392000	3.979095
0.393000	4.250427
0.394000	4.611702
0.395000	5.048470
0.396000	5.557954
0.397000	6.087434
0.398000	6.543955
0.399000	6.833222
0.400000	6.882693
0.401000	6.650714
0.402000	6.125403
0.403000	5.319063
0.404000	4.263961
0.405000	3.008903
0.406000	1.613770
0.407000	0.143507
0.408000	-1.337687
0.409000	-2.771563
0.410000	-4.109083
0.411000	-5.311707
0.412000	-6.352127
0.413000	-7.212833
0.414000	-7.883443
0.415000	-8.359038
0.416000	-8.639948
0.417000	-8.732718
0.418000	-8.648893
0.419000	-8.403364
0.420000	-8.014045
0.421000	-7.502032
0.422000	-6.890558
0.423000	-6.202701
0.424000	-5.459481
0.425000	-4.671149
0.426000	-3.797630
0.427000	-2.772564
0.428000	-1.588183
0.429000	-0.301821
0.430000	1.004252
0.431000	2.247216
0.432000	3.355469
0.433000	4.276759
0.434000	4.980012
0.435000	5.452943
0.436000	5.699132
0.437000	5.734832
0.438000	5.606084
0.439000	5.410153
0.440000	5.234598
0.441000	5.099794
0.442000	4.984519
0.443000	4.854213
0.444000	4.674773
0.445000	4.420453
0.446000	4.076780
0.447000	3.639140
0.448000	3.121987
0.449000	2.598589
0.450000	2.166620
0.451000	1.862404
0.452000	1.661129
0.453000	1.513464
0.454000	1.366689
0.455000	1.175820
0.456000	0.910833
0.457000	0.558280
0.458000	0.117777
0.459000	-0.399898
0.460000	-0.973648
0.461000	-1.576708
0.462000	-2.181805
0.463000	-2.763583
0.464000	-3.300177
0.465000	-3.774242
0.466000	-4.166893
0.467000	-4.420669
0.468000	-4.451715
0.469000	-4.229542
0.470000	-3.793747
0.471000	-3.217700
0.472000	-2.580022
0.473000	-1.947697
0.474000	-1.366265
0.475000	-0.821061
0.476000	-0.246044
0.477000	0.388493
0.478000	1.050642
0.479000	1.681927
0.480000	2.221508
0.481000	2.619096
0.482000	2.841850
0.483000	2.876654
0.484000	2.727081
0.485000	2.409480
0.486000	1.949426
0.487000	1.377567
0.488000	0.725946
0.489000	0.026790
0.490000	-0.687810
0.491000	-1.387874
0.492000	-2.047509
0.493000	-2.644635
0.494000	-3.159429
0.495000	-3.548599
0.496000	-3.721595
0.497000	-3.611197
0.498000	-3.233142
0.499000	-2.654950
0.500000	-1.960796
0.501000	-1.230980
0.502000	-0.532856
0.503000	0.081747
0.504000	0.576764
0.505000	0.931290
0.506000	1.139517
0.507000	1.210225
0.508000	1.161714
0.509000	1.016247
0.510000	0.798507
0.511000	0.533462
0.512000	0.244234
0.513000	-0.048772
0.514000	-0.327643
0.515000	-0.558682
0.516000	-0.666420
0.517000	-0.585716
0.518000	-0.319242
0.519000	0.083618
0.520000	0.574138
0.521000	1.156837
0.522000	1.845535
0.523000	2.596137
0.524000	3.328138
0.525000	3.958404
0.526000	4.418755
0.527000	4.663903
0.528000	4.673156
0.529000	4.447726
0.530000	4.005717
0.531000	3.376438
0.532000	2.598119
0.533000	1.715853
0.534000	0.776585
0.535000	-0.175289
0.536000	-1.102088
0.537000	-1.973447
0.538000	-2.764073
0.539000	-3.452262
0.540000	-4.020924
0.541000	-4.459531
0.542000	-4.764010
0.543000	-4.935768
0.544000	-4.980677
0.545000	-4.907768
0.546000	-4.723370
0.547000	-4.394712
0.548000	-3.855297
0.549000	-3.087257
0.550000	-2.146253
0.551000	-1.121955
0.552000	-0.107389
0.553000	0.817130
0.554000	1.591768
0.555000	2.180346
0.556000	2.568765
0.557000	2.760824
0.558000	2.774290
0.559000	2.637300
0.560000	2.382033
0.561000	2.040431
0.562000	1.643259
0.563000	1.217835
0.564000	0.786992
0.565000	0.369851
0.566000	-0.016289
0.567000	-0.356710
0.568000	-0.642935
0.569000	-0.872336
0.570000	-1.046368
0.571000	-1.168975
0.572000	-1.243632
0.573000	-1.273111
0.574000	-1.260913
0.575000	-1.211281
0.576000	-1.129162
0.577000	-1.019272
0.578000	-0.883935
0.579000	-0.724552
0.580000	-0.544911
0.581000	-0.351280
0.582000	-0.152246
0.583000	0.042181
0.584000	0.225518
0.585000	0.396340
0.586000	0.553894
0.587000	0.697831
0.588000	0.829145
0.589000	0.947978
0.590000	1.074133
0.591000	1.276252
0.592000	1.612588
0.593000	2.071036
0.594000	2.595606
0.595000	3.118868
0.596000	3.579713
0.597000	3.928563
0.598000	4.128813
0.599000	4.159530
0.600000	4.016719
0.601000	3.711858
0.602000	3.267847
0.603000	2.713912
0.604000	2.081856
0.605000	1.402602
0.606000	0.702734
0.607000	0.004531
0.608000	-0.671385
0.609000	-1.305736
0.610000	-1.883112
0.611000	-2.391848
0.612000	-2.821666
0.613000	-3.164851
0.614000	-3.417761
0.615000	-3.581275
0.616000	-3.659498
0.617000	-3.634129
0.618000	-3.439790
0.619000	-3.027029
0.620000	-2.418696
0.621000	-1.682291
0.622000	-0.896883
0.623000	-0.132522
0.624000	0.591743
0.625000	1.316259
0.626000	2.058985
0.627000	2.777788
0.628000	3.407832
0.629000	3.889102
0.630000	4.177673
0.631000	4.249691
0.632000	4.100533
0.633000	3.740506
0.634000	3.192719
0.635000	2.490734
0.636000	1.673943
0.637000	0.784723
0.638000	-0.118636
0.639000	-0.931928
0.640000	-1.555862
0.641000	-1.966691
0.642000	-2.197727
0.643000	-2.303049
0.644000	-2.337684
0.645000	-2.348498
0.646000	-2.370518
0.647000	-2.426629
0.648000	-2.527729
0.649000	-2.673612
0.650000	-2.855181
0.651000	-3.058518
0.652000	-3.268763
0.653000	-3.472866
0.654000	-3.659447
0.655000	-3.816100
0.656000	-3.929692
0.657000	-3.990045
0.658000	-3.992007
0.659000	-3.933249
0.660000	-3.812070
0.661000	-3.627741
0.662000	-3.381891
0.663000	-3.073899
0.664000	-2.663424
0.665000	-2.067856
0.666000	-1.204702
0.667000	-0.054790
0.668000	1.302180
0.669000	2.733853
0.670000	4.103831
0.671000	5.295413
0.672000	6.221093
0.673000	6.826479
0.674000	7.090590
0.675000	7.021962
0.676000	6.651871
0.677000	6.025881
0.678000	5.195266
0.679000	4.211969
0.680000	3.127248
0.681000	1.992232
0.682000	0.883686
0.683000	-0.080774
0.684000	-0.812508
0.685000	-1.300722
0.686000	-1.580951
0.687000	-1.678695
0.688000	-1.581200
0.689000	-1.276672
0.690000	-0.757608
0.691000	-0.042781
0.692000	0.783196
0.693000	1.604237
0.694000	2.309756
0.695000	2.814377
0.696000	3.063951
0.697000	3.034745
0.698000	2.729492
0.699000	2.172750
0.700000	1.405229
0.701000	0.476563
0.702000	-0.558594
0.703000	-1.643758
0.704000	-2.723512
0.705000	-3.725624
0.706000	-4.542739
0.707000	-5.091547
0.708000	-5.364884
0.709000	-5.405610
0.710000	-5.275352
0.711000	-5.035584
0.712000	-4.736703
0.713000	-4.413492
0.714000	-4.086266
0.715000	-3.766416
0.716000	-3.460937
0.717000	-3.174921
0.718000	-2.912793
0.719000	-2.678264
0.720000	-2.471750
0.721000	-2.288176
0.722000	-2.119772
0.723000	-1.958775
0.724000	-1.797500
0.725000	-1.614856
0.726000	-1.344705
0.727000	-0.917973
0.728000	-0.330369
0.729000	0.374406
0.730000	1.169832
0.731000	2.067559
0.732000	3.097797
0.733000	4.267883
0.734000	5.510948
0.735000	6.706631
0.736000	7.728880
0.737000	8.473529
0.738000	8.872429
0.739000	8.896468
0.740000	8.550465
0.741000	7.864294
0.742000	6.884648
0.743000	5.669723
0.744000	4.283966
0.745000	2.794235
0.746000	1.266963
0.747000	-0.236893
0.748000	-1.666022
0.749000	-2.979013
0.750000	-4.142952
0.751000	-5.132224
0.752000	-5.923994
0.753000	-6.467374
0.754000	-6.695569
0.755000	-6.594669
0.756000	-6.211075
0.757000	-5.617104
0.758000	-4.890321
0.759000	-4.076086
0.760000	-3.172351
0.761000	-2.182589
0.762000	-1.113460
0.763000	0.033132
0.764000	1.213159
0.765000	2.382222
0.766000	3.538752
0.767000	4.657791
0.768000	5.659402
0.769000	6.450988
0.770000	6.953948
0.771000	7.115065
0.772000	6.918584
0.773000	6.418074
0.774000	5.718228
0.775000	4.897417
0.776000	3.984884
0.777000	2.984992
0.778000	1.899466
0.779000	0.740223
0.780000	-0.469829
0.781000	-1.700459
0.782000	-2.918242
0.783000	-4.089587
0.784000	-5.182365
0.785000	-6.165308
0.786000	-7.008511
0.787000	-7.689322
0.788000	-8.195529
0.789000	-8.522421
0.790000	-8.660747
0.791000	-8.565191
0.792000	-8.183957
0.793000	-7.522852
0.794000	-6.640149
0.795000	-5.615813
0.796000	-4.531751
0.797000	-3.453914
0.798000	-2.375924
0.799000	-1.199984
0.800000	0.139510
0.801000	1.595576
0.802000	3.057192
0.803000	4.399896
0.804000	5.515529
0.805000	6.327930
0.806000	6.796790
0.807000	6.914208
0.808000	6.699175
0.809000	6.190172
0.810000	5.437700
0.811000	4.498788
0.812000	3.434375
0.813000	2.304363
0.814000	1.161227
0.815000	0.050373
0.816000	-0.989287
0.817000	-1.927127
0.818000	-2.740824
0.819000	-3.413507
0.820000	-3.930362
0.821000	-4.256209
0.822000	-4.326651
0.823000	-4.108514
0.824000	-3.634056
0.825000	-2.971396
0.826000	-2.198761
0.827000	-1.389221
0.828000	-0.584403
0.829000	0.225712
0.830000	1.078451
0.831000	2.005579
0.832000	2.993227
0.833000	3.985029
0.834000	4.959041
0.835000	5.911218
0.836000	6.788154
0.837000	7.503550
0.838000	7.975123
0.839000	8.142260
0.840000	7.974309
0.841000	7.475667
0.842000	6.705110
0.843000	5.769961
0.844000	4.759124
0.845000	3.710698
0.846000	2.636036
0.847000	1.537557
0.848000	0.416947
0.849000	-0.719734
0.850000	-1.860083
0.851000	-2.985977
0.852000	-4.075559
0.853000	-5.104566
0.854000	-6.046800
0.855000	-6.875754
0.856000	-7.567534
0.857000	-8.104200
0.858000	-8.476078
0.859000	-8.679975
0.860000	-8.716316
0.861000	-8.589939
0.862000	-8.310427
0.863000	-7.890992
0.864000	-7.349484
0.865000	-6.705610
0.866000	-5.949356
0.867000	-5.028078
0.868000	-3.915047
0.869000	-2.649154
0.870000	-1.292879
0.871000	0.142743
0.872000	1.706351
0.873000	3.406833
0.874000	5.160651
0.875000	6.833726
0.876000	8.292370
0.877000	9.427477
0.878000	10.165309
0.879000	10.469589
0.880000	10.338498
0.881000	9.800408
0.882000	8.908633
0.883000	7.732675
0.884000	6.347289
0.885000	4.826317
0.886000	3.240418
0.887000	1.654340
0.888000	0.123799
0.889000	-1.297525
0.890000	-2.526196
0.891000	-3.473266
0.892000	-4.106818
0.893000	-4.450912
0.894000	-4.558290
0.895000	-4.491152
0.896000	-4.289031
0.897000	-3.950296
0.898000	-3.480276
0.899000	-2.922898
0.900000	-2.336609
0.901000	-1.762731
0.902000	-1.192473
0.903000	-0.603822
0.904000	-0.003515
0.905000	0.624658
0.906000	1.305055
0.907000	2.004939
0.908000	2.649776
0.909000	3.159963
0.910000	3.470665
0.911000	3.549782
0.912000	3.428411
0.913000	3.172771
0.914000	2.821495
0.915000	2.381833
0.916000	1.850658
0.917000	1.227461
0.918000	0.518717
0.919000	-0.260890
0.920000	-1.089420
0.921000	-1.940300
0.922000	-2.784560
0.923000	-3.591986
0.924000	-4.333936
0.925000	-4.985826
0.926000	-5.526054
0.927000	-5.937578
0.928000	-6.212160
0.929000	-6.351163
0.930000	-6.361463
0.931000	-6.250915
0.932000	-6.028551
0.933000	-5.706506
0.934000	-5.297974
0.935000	-4.815157
0.936000	-4.270390
0.937000	-3.677912
0.938000	-3.053555
0.939000	-2.410373
0.940000	-1.735780
0.941000	-0.910736
0.942000	0.247694
0.943000	1.796386
0.944000	3.627630
0.945000	5.558964
0.946000	7.397955
0.947000	8.977701
0.948000	10.174833
0.949000	10.916006
0.950000	11.174875
0.951000	10.963401
0.952000	10.323362
0.953000	9.317942
0.954000	8.023781
0.955000	6.523114
0.956000	4.897160
0.957000	3.221447
0.958000	1.560913
0.959000	-0.033531
0.960000	-1.521585
0.961000	-2.868763
0.962000	-4.045965
0.963000	-5.030107
0.964000	-5.798403
0.965000	-6.307163
0.966000	-6.517213
0.967000	-6.438802
0.968000	-6.121976
0.969000	-5.633545
0.970000	-5.040566
0.971000	-4.400996
0.972000	-3.758474
0.973000	-3.118023
0.974000	-2.445468
0.975000	-1.724497
0.976000	-0.977460
0.977000	-0.210374
0.978000	0.605117
0.979000	1.472420
0.980000	2.371935
0.981000	3.280103
0.982000	4.159031
0.983000	5.000651
0.984000	5.799332
0.985000	6.496692
0.986000	7.010137
0.987000	7.266780
0.988000	7.217021
0.989000	6.836782
0.990000	6.127272
0.991000	5.115737
0.992000	3.850365
0.993000	2.392358
0.994000	0.811442
0.995000	-0.818995
0.996000	-2.425718
0.997000	-3.940303
0.998000	-5.306867
0.999000	-6.486163
1.000000	-7.453178
1.001000	-8.193810
1.002000	-8.703898
1.003000	-8.987558
1.004000	-9.055053
1.005000	-8.922833
1.006000	-8.612693
1.007000	-8.149221
1.008000	-7.558320
1.009000	-6.865928
1.010000	-6.072622
1.011000	-5.142506
1.012000	-4.055975
1.013000	-2.807122
1.014000	-1.380571
1.015000	0.219903
1.016000	1.940538
1.017000	3.670049
1.018000	5.275938
1.019000	6.639316
1.020000	7.671574
1.021000	8.321277
1.022000	8.573969
1.023000	8.445063
1.024000	7.972182
1.025000	7.209974
1.026000	6.224149
1.027000	5.084359
1.028000	3.857798
1.029000	2.604329
1.030000	1.373281
1.031000	0.203375
1.032000	-0.875673
1.033000	-1.842078
1.034000	-2.678516
1.035000	-3.368690
1.036000	-3.899571
1.037000	-4.265755
1.038000	-4.470307
1.039000	-4.504094
1.040000	-4.336601
1.041000	-3.958815
1.042000	-3.404311
1.043000	-2.713485
1.044000	-1.870732
1.045000	-0.823853
1.046000	0.415604
1.047000	1.755209
1.048000	3.072379
1.049000	4.252105
1.050000	5.213360
1.051000	5.938321
1.052000	6.443746
1.053000	6.730337
1.054000	6.812224
1.055000	6.754740
1.056000	6.615164
1.057000	6.392564
1.058000	6.056431
1.059000	5.570736
1.060000	4.906146
1.061000	4.050276
1.062000	3.013946
1.063000	1.826940
1.064000	0.528914
1.065000	-0.834199
1.066000	-2.213755
1.067000	-3.562388
1.068000	-4.833986
1.069000	-5.986407
1.070000	-6.986093
1.071000	-7.808905
1.072000	-8.438635
1.073000	-8.865725
1.074000	-9.087064
1.075000	-9.095121
1.076000	-8.854280
1.077000	-8.334407
1.078000	-7.556283
1.079000	-6.576325
1.080000	-5.466052
1.081000	-4.285407
1.082000	-3.058121
1.083000	-1.806386
1.084000	-0.582665
1.085000	0.555357
1.086000	1.597364
1.087000	2.576942
1.088000	3.499759
1.089000	4.326460
1.090000	5.001130
1.091000	5.472103
1.092000	5.706251
1.093000	5.694534
1.094000	5.448563
1.095000	4.995385
1.096000	4.375199
1.097000	3.636609
1.098000	2.830362
1.099000	2.003637
1.100000	1.193597
1.101000	0.425483
1.102000	-0.284037
1.103000	-0.921677
1.104000	-1.474587
1.105000	-1.931746
1.106000	-2.287836
1.107000	-2.545769
1.108000	-2.711995
1.109000	-2.793695
1.110000	-2.800385
1.111000	-2.741336
1.112000	-2.601306
1.113000	-2.293376
1.114000	-1.697956
1.115000	-0.776386
1.116000	0.399884
1.117000	1.698819
1.118000	2.975807
1.119000	4.103954
1.120000	4.989399
1.121000	5.574784
1.122000	5.837484
1.123000	5.801481
1.124000	5.541081
1.125000	5.130507
1.126000	4.606091
1.127000	3.980825
1.128000	3.261308
1.129000	2.457272
1.130000	1.584473
1.131000	0.662407
1.132000	-0.285049
1.133000	-1.231114
1.134000	-2.150483
1.135000	-3.018200
1.136000	-3.808331
1.137000	-4.497268
1.138000	-5.066818
1.139000	-5.505171
1.140000	-5.808208
1.141000	-5.978770
1.142000	-6.021136
1.143000	-5.939034
1.144000	-5.739149
1.145000	-5.431662
1.146000	-5.027538
1.147000	-4.538221
1.148000	-3.978784
1.149000	-3.368160
1.150000	-2.709580
1.151000	-1.955415
1.152000	-1.035405
1.153000	0.083517
1.154000	1.398358
1.155000	2.856754
1.156000	4.347918
1.157000	5.740724
1.158000	6.915765
1.159000	7.783868
1.160000	8.292949
1.161000	8.427706
1.162000	8.203280
1.163000	7.656510
1.164000	6.840349
1.165000	5.818477
1.166000	4.654323
1.167000	3.404032
1.168000	2.118131
1.169000	0.843235
1.170000	-0.379205
1.171000	-1.515256
1.172000	-2.538335
1.173000	-3.427183
1.174000	-4.166137
1.175000	-4.746421
1.176000	-5.165612
1.177000	-5.426444
1.178000	-5.526492
1.179000	-5.443059
1.180000	-5.157953
1.181000	-4.682961
1.182000	-4.030331
1.183000	-3.210094
1.184000	-2.264801
1.185000	-1.267001
1.186000	-0.291229
1.187000	0.627918
1.188000	1.502948
1.189000	2.372742
1.190000	3.263034
1.191000	4.139286
1.192000	4.925205
1.193000	5.541855
1.194000	5.927493
1.195000	6.045592
1.196000	5.885479
1.197000	5.457656
1.198000	4.788274
1.199000	3.914913
1.200000	2.882873
1.201000	1.742189
1.202000	0.544210
1.203000	-0.662639
1.204000	-1.837280
1.205000	-2.945192
1.206000	-3.955433
1.207000	-4.842598
1.208000	-5.587527
1.209000	-6.175337
1.210000	-6.596474
1.211000	-6.847246
1.212000	-6.928689
1.213000	-6.847364
1.214000	-6.613925
1.215000	-6.243448
1.216000	-5.758630
1.217000	-5.189561
1.218000	-4.567351
1.219000	-3.907973
1.220000	-3.194296
1.221000	-2.404647
1.222000	-1.550380
1.223000	-0.659905
1.224000	0.285740
1.225000	1.347639
1.226000	2.530688
1.227000	3.762965
1.228000	4.943027
1.229000	5.973820
1.230000	6.779235
1.231000	7.309937
1.232000	7.540973
1.233000	7.468039
1.234000	7.109005
1.235000	6.500647
1.236000	5.690423
1.237000	4.730367
1.238000	3.673168
1.239000	2.569492
1.240000	1.464750
1.241000	0.396861
1.242000	-0.602873
1.243000	-1.509108
1.244000	-2.302578
1.245000	-2.971434
1.246000	-3.510831
1.247000	-3.919259
1.248000	-4.200127
1.249000	-4.361591
1.250000	-4.411825
1.251000	-4.358118
1.252000	-4.208839
1.253000	-3.974934
1.254000	-3.670136
1.255000	-3.289140
1.256000	-2.755460
1.257000	-1.974952
1.258000	-0.945510
1.259000	0.247048
1.260000	1.483528
1.261000	2.649302
1.262000	3.653754
1.263000	4.435405
1.264000	4.960220
1.265000	5.218729
1.266000	5.220544
1.267000	4.988065
1.268000	4.552369
1.269000	3.952086
1.270000	3.229191
1.271000	2.421872
1.272000	1.565377
1.273000	0.696139
1.274000	-0.149962
1.275000	-0.942247
1.276000	-1.656426
1.277000	-2.273376
1.278000	-2.780344
1.279000	-3.173394
1.280000	-3.455754
1.281000	-3.632434
1.282000	-3.707846
1.283000	-3.688596
1.284000	-3.585740
1.285000	-3.400526
1.286000	-3.087968
1.287000	-2.587004
1.288000	-1.894580
1.289000	-1.068338
1.290000	-0.191419
1.291000	0.653031
1.292000	1.400856
1.293000	2.040736
1.294000	2.599927
1.295000	3.084823
1.296000	3.473953
1.297000	3.738727
1.298000	3.855218
1.299000	3.810861
1.300000	3.604025
1.301000	3.243463
1.302000	2.747160
1.303000	2.138591
1.304000	1.446536
1.305000	0.702970
1.306000	-0.059684
1.307000	-0.809288
1.308000	-1.515551
1.309000	-2.149663
1.310000	-2.685945
1.311000	-3.107457
1.312000	-3.408641
1.313000	-3.592308
1.314000	-3.666706
1.315000	-3.642977
1.316000	-3.531181
1.317000	-3.340259
1.318000	-3.081657
1.319000	-2.769438
1.320000	-2.417660
1.321000	-2.037251
1.322000	-1.621677
1.323000	-1.142453
1.324000	-0.585835
1.325000	0.043968
1.326000	0.751012
1.327000	1.518114
1.328000	2.289637
1.329000	2.998878
1.330000	3.589206
1.331000	4.027088
1.332000	4.330320
1.333000	4.546902
1.334000	4.694720
1.335000	4.758277
1.336000	4.713483
1.337000	4.542026
1.338000	4.234852
1.339000	3.790998
1.340000	3.216413
1.341000	2.525808
1.342000	1.745746
1.343000	0.910578
1.344000	0.056447
1.345000	-0.781599
1.346000	-1.575014
1.347000	-2.303529
1.348000	-2.951314
1.349000	-3.505721
1.350000	-3.959442
1.351000	-4.311013
1.352000	-4.562994
1.353000	-4.719914
1.354000	-4.786922
1.355000	-4.768958
1.356000	-4.669893
1.357000	-4.494581
1.358000	-4.250831
1.359000	-3.927534
1.360000	-3.458245
1.361000	-2.776783
1.362000	-1.893916
1.363000	-0.881508
1.364000	0.166990
1.365000	1.164339
1.366000	2.061935
1.367000	2.872956
1.368000	3.618081
1.369000	4.274732
1.370000	4.799319
1.371000	5.150963
1.372000	5.300419
1.373000	5.233603
1.374000	4.951432
1.375000	4.469349
1.376000	3.815766
1.377000	3.027639
1.378000	2.146501
1.379000	1.215401
1.380000	0.275572
1.381000	-0.636986
1.382000	-1.492818
1.383000	-2.266638
1.384000	-2.937933
1.385000	-3.494058
1.386000	-3.928755
1.387000	-4.241019
1.388000	-4.433558
1.389000	-4.510561
1.390000	-4.478501
1.391000	-4.348570
1.392000	-4.136674
1.393000	-3.857550
1.394000	-3.522053
1.395000	-3.141256
1.396000	-2.727139
1.397000	-2.291464
1.398000	-1.846845
1.399000	-1.405002
1.400000	-0.973833
1.401000	-0.558122
1.402000	-0.161501
1.403000	0.219182
1.404000	0.617894
1.405000	1.078684
1.406000	1.606623
1.407000	2.170619
1.408000	2.724552
1.409000	3.222462
1.410000	3.629431
1.411000	3.923074
1.412000	4.091453
1.413000	4.130994
1.414000	4.043286
1.415000	3.836856
1.416000	3.530097
1.417000	3.148487
1.418000	2.717846
1.419000	2.258458
1.420000	1.783758
1.421000	1.304526
1.422000	0.833338
1.423000	0.384333
1.424000	-0.028821
1.425000	-0.381843
1.426000	-0.630564
1.427000	-0.743612
1.428000	-0.727600
1.429000	-0.614708
1.430000	-0.448165
1.431000	-0.260329
1.432000	-0.038427
1.433000	0.248058
1.434000	0.593186
1.435000	0.959424
1.436000	1.298399
1.437000	1.567003
1.438000	1.736910
1.439000	1.792855
1.440000	1.726523
1.441000	1.536232
1.442000	1.230352
1.443000	0.826972
1.444000	0.350430
1.445000	-0.171624
1.446000	-0.711287
1.447000	-1.242855
1.448000	-1.741240
1.449000	-2.184023
1.450000	-2.555582
1.451000	-2.846949
1.452000	-3.056524
1.453000	-3.187860
1.454000	-3.244352
1.455000	-3.228580
1.456000	-3.146681
1.457000	-3.002584
1.458000	-2.774516
1.459000	-2.433533
1.460000	-1.983702
1.461000	-1.459500
1.462000	-0.908573
1.463000	-0.379145
1.464000	0.088609
1.465000	0.467765
1.466000	0.745649
1.467000	0.919715
1.468000	0.996108
1.469000	0.989562
1.470000	0.915879
1.471000	0.791497
1.472000	0.659248
1.473000	0.591673
1.474000	0.633249
1.475000	0.773808
1.476000	0.974777
1.477000	1.190070
1.478000	1.379315
1.479000	1.512773
1.480000	1.570948
1.481000	1.542717
1.482000	1.423043
1.483000	1.214113
1.484000	0.929236
1.485000	0.591530
1.486000	0.225144
1.487000	-0.148830
1.488000	-0.510719
1.489000	-0.842223
1.490000	-1.128427
1.491000	-1.358237
1.492000	-1.523671
1.493000	-1.620717
1.494000	-1.651372
1.495000	-1.625308
1.496000	-1.555017
1.497000	-1.450899
1.498000	-1.322669
1.499000	-1.179140
1.500000	-1.014123
1.501000	-0.790660
1.502000	-0.476980
1.503000	-0.084625
1.504000	0.346392
1.505000	0.769820
1.506000	1.145060
1.507000	1.444329
1.508000	1.682499
1.509000	1.916879
1.510000	2.181677
1.511000	2.461438
1.512000	2.717021
1.513000	2.907282
1.514000	3.000278
1.515000	2.975966
1.516000	2.826955
1.517000	2.558287
1.518000	2.182942
1.519000	1.717905
1.520000	1.184435
1.521000	0.608470
1.522000	0.016616
1.523000	-0.568552
1.524000	-1.129589
1.525000	-1.653173
1.526000	-2.127197
1.527000	-2.541603
1.528000	-2.889830
1.529000	-3.166284
1.530000	-3.365641
1.531000	-3.484556
1.532000	-3.523027
1.533000	-3.484536
1.534000	-3.375427
1.535000	-3.203618
1.536000	-2.966813
1.537000	-2.632679
1.538000	-2.170145
1.539000	-1.589292
1.540000	-0.929444
1.541000	-0.240360
1.542000	0.428729
1.543000	1.033985
1.544000	1.540127
1.545000	1.924563
1.546000	2.178731
1.547000	2.304652
1.548000	2.312962
1.549000	2.221321
1.550000	2.049073
1.551000	1.817324
1.552000	1.550516
1.553000	1.270141
1.554000	0.991298
1.555000	0.724337
1.556000	0.476919
1.557000	0.255568
1.558000	0.063173
1.559000	-0.101576
1.560000	-0.238875
1.561000	-0.346852
1.562000	-0.426407
1.563000	-0.481768
1.564000	-0.517653
1.565000	-0.538243
1.566000	-0.547378
1.567000	-0.549813
1.568000	-0.550869
1.569000	-0.552243
1.570000	-0.549548
1.571000	-0.536653
1.572000	-0.507014
1.573000	-0.429135
1.574000	-0.257364
1.575000	0.019067
1.576000	0.373002
1.577000	0.762242
1.578000	1.145587
1.579000	1.491924
1.580000	1.780559
1.581000	1.995350
1.582000	2.122512
1.583000	2.153412
1.584000	2.085778
1.585000	1.924222
1.586000	1.680150
1.587000	1.369141
1.588000	1.008203
1.589000	0.616180
1.590000	0.212439
1.591000	-0.186764
1.592000	-0.567910
1.593000	-0.917528
1.594000	-1.224256
1.595000	-1.483226
1.596000	-1.693477
1.597000	-1.853604
1.598000	-1.962414
1.599000	-2.018718
1.600000	-2.019974
1.601000	-1.964902
1.602000	-1.857453
1.603000	-1.707854
1.604000	-1.528921
1.605000	-1.331517
1.606000	-1.124142
1.607000	-0.912664
1.608000	-0.699490
1.609000	-0.486487
1.610000	-0.263157
1.611000	0.009938
1.612000	0.362760
1.613000	0.781928
1.614000	1.228310
1.615000	1.655058
1.616000	2.018961
1.617000	2.287599
1.618000	2.441742
1.619000	2.473855
1.620000	2.387405
1.621000	2.195126
1.622000	1.914965
1.623000	1.568818
1.624000	1.182254
1.625000	0.780753
1.626000	0.385232
1.627000	0.010766
1.628000	-0.330312
1.629000	-0.627627
1.630000	-0.875763
1.631000	-1.073756
1.632000	-1.223253
1.633000	-1.328077
1.634000	-1.392283
1.635000	-1.418504
1.636000	-1.409849
1.637000	-1.371214
1.638000	-1.308630
1.639000	-1.229006
1.640000	-1.138723
1.641000	-1.043469
1.642000	-0.947343
1.643000	-0.849902
1.644000	-0.746548
1.645000	-0.613840
1.646000	-0.409172
1.647000	-0.112871
1.648000	0.256676
1.649000	0.662081
1.650000	1.059662
1.651000	1.411478
1.652000	1.693125
1.653000	1.889609
1.654000	1.990633
1.655000	1.994470
1.656000	1.908358
1.657000	1.742696
1.658000	1.508868
1.659000	1.219008
1.660000	0.886687
1.661000	0.527250
1.662000	0.156841
1.663000	-0.207034
1.664000	-0.547561
1.665000	-0.852208
1.666000	-1.112736
1.667000	-1.324141
1.668000	-1.483068
1.669000	-1.586901
1.670000	-1.635250
1.671000	-1.633773
1.672000	-1.593332
1.673000	-1.523683
1.674000	-1.430880
1.675000	-1.317297
1.676000	-1.171304
1.677000	-0.951593
1.678000	-0.621612
1.679000	-0.190270
1.680000	0.301249
1.681000	0.802961
1.682000	1.268118
1.683000	1.656993
1.684000	1.939095
1.685000	2.095982
1.686000	2.123630
1.687000	2.030849
1.688000	1.833768
1.689000	1.553015
1.690000	1.214332
1.691000	0.846891
1.692000	0.478341
1.693000	0.129804
1.694000	-0.184958
1.695000	-0.457172
1.696000	-0.682888
1.697000	-0.864893
1.698000	-1.009908
1.699000	-1.123530
1.700000	-1.209714
1.701000	-1.273946
1.702000	-1.322655
1.703000	-1.358957
1.704000	-1.380982
1.705000	-1.382112
1.706000	-1.354791
1.707000	-1.297476
1.708000	-1.216698
1.709000	-1.119501
1.710000	-1.008135
1.711000	-0.884634
1.712000	-0.753379
1.713000	-0.616870
1.714000	-0.455632
1.715000	-0.223873
1.716000	0.102841
1.717000	0.504279
1.718000	0.937664
1.719000	1.354138
1.720000	1.710509
1.721000	1.976868
1.722000	2.135999
1.723000	2.181250
1.724000	2.117620
1.725000	1.960488
1.726000	1.729917
1.727000	1.445702
1.728000	1.125004
1.729000	0.781555
1.730000	0.427529
1.731000	0.074507
1.732000	-0.266700
1.733000	-0.585439
1.734000	-0.874062
1.735000	-1.128502
1.736000	-1.345286
1.737000	-1.521883
1.738000	-1.656617
1.739000	-1.745783
1.740000	-1.786319
1.741000	-1.782185
1.742000	-1.743122
1.743000	-1.678032
1.744000	-1.592963
1.745000	-1.491829
1.746000	-1.375718
1.747000	-1.244433
1.748000	-1.099838
1.749000	-0.947264
1.750000	-0.791608
1.751000	-0.632719
1.752000	-0.469610
1.753000	-0.303177
1.754000	-0.133354
1.755000	0.037658
1.756000	0.203717
1.757000	0.358884
1.758000	0.500142
1.759000	0.627984
1.760000	0.743722
1.761000	0.844736
1.762000	0.926088
1.763000	0.984217
1.764000	1.016932
1.765000	1.022950
1.766000	1.004038
1.767000	0.964378
1.768000	0.906195
1.769000	0.830872
1.770000	0.740884
1.771000	0.640721
1.772000	0.538864
1.773000	0.445539
1.774000	0.369937
1.775000	0.318101
1.776000	0.291717
1.777000	0.290635
1.778000	0.314635
1.779000	0.360437
1.780000	0.418684
1.781000	0.477709
1.782000	0.527458
1.783000	0.559958
1.784000	0.571763
1.785000	0.564413
1.786000	0.542369
1.787000	0.509949
1.788000	0.468194
1.789000	0.417151
1.790000	0.359321
1.791000	0.299022
1.792000	0.240830
1.793000	0.188194
1.794000	0.143426
1.795000	0.108075
1.796000	0.080268
1.797000	0.056053
1.798000	0.033464
1.799000	0.012541
1.800000	-0.005889
1.801000	-0.022508
1.802000	-0.041014
1.803000	-0.064752
1.804000	-0.094261
1.805000	-0.128534
1.806000	-0.165288
1.807000	-0.200822
1.808000	-0.233030
1.809000	-0.262792
1.810000	-0.290328
1.811000	-0.312920
1.812000	-0.324280
1.813000	-0.316520
1.814000	-0.286947
1.815000	-0.239770
1.816000	-0.181372
1.817000	-0.118595
1.818000	-0.058809
1.819000	-0.009115
1.820000	0.024091
1.821000	0.037014
1.822000	0.030584
1.823000	0.007928
1.824000	-0.026022
1.825000	-0.061771
1.826000	-0.088451
1.827000	-0.099328
1.828000	-0.093332
1.829000	-0.074860
1.830000	-0.053362
1.831000	-0.037574
1.832000	-0.031011
1.833000	-0.033797
1.834000	-0.045440
1.835000	-0.066888
1.836000	-0.098826
1.837000	-0.137800
1.838000	-0.178542
1.839000	-0.218492
1.840000	-0.255369
1.841000	-0.283676
1.842000	-0.295975
1.843000	-0.286653
1.844000	-0.254241
1.845000	-0.202258
1.846000	-0.136865
1.847000	-0.062190
1.848000	0.018869
1.849000	0.101310
1.850000	0.179155
1.851000	0.248722
1.852000	0.307521
1.853000	0.352226
1.854000	0.380199
1.855000	0.389951
1.856000	0.382055
1.857000	0.360688
1.858000	0.331336
1.859000	0.297467
1.860000	0.259197
1.861000	0.214964
1.862000	0.165098
1.863000	0.111188
1.864000	0.053609
1.865000	-0.008082
1.866000	-0.074437
1.867000	-0.144322
1.868000	-0.213763
1.869000	-0.276556
1.870000	-0.327882
1.871000	-0.367544
1.872000	-0.397434
1.873000	-0.419755
1.874000	-0.437401
1.875000	-0.453162
1.876000	-0.467002
1.877000	-0.475772
1.878000	-0.475179
1.879000	-0.461919
1.880000	-0.435401
1.881000	-0.397002
1.882000	-0.349626
1.883000	-0.296595
1.884000	-0.237796
1.885000	-0.168057
1.886000	-0.082528
1.887000	0.018960
1.888000	0.130675
1.889000	0.240559
1.890000	0.335342
1.891000	0.407973
1.892000	0.459361
1.893000	0.495739
1.894000	0.523838
1.895000	0.545816
1.896000	0.560372
1.897000	0.564610
1.898000	0.554068
1.899000	0.527191
1.900000	0.486462
1.901000	0.434670
1.902000	0.373974
1.903000	0.306696
1.904000	0.237010
1.905000	0.168631
1.906000	0.100375
1.907000	0.030290
1.908000	-0.039130
1.909000	-0.103179
1.910000	-0.157662
1.911000	-0.200197
1.912000	-0.232576
1.913000	-0.259250
1.914000	-0.284020
1.915000	-0.311181
1.916000	-0.344459
1.917000	-0.383792
1.918000	-0.428136
1.919000	-0.477018
1.920000	-0.526300
1.921000	-0.569525
1.922000	-0.601924
1.923000	-0.620444
1.924000	-0.623256
1.925000	-0.608210
1.926000	-0.573184
1.927000	-0.518060
1.928000	-0.444608
1.929000	-0.357924
1.930000	-0.266537
1.931000	-0.178195
1.932000	-0.097943
1.933000	-0.029812
1.934000	0.023345
1.935000	0.061251
1.936000	0.085618
1.937000	0.100075
1.938000	0.110630
1.939000	0.123855
1.940000	0.144521
1.941000	0.173498
1.942000	0.208230
1.943000	0.246597
1.944000	0.289106
1.945000	0.338299
1.946000	0.395831
1.947000	0.458368
1.948000	0.517714
1.949000	0.565813
1.950000	0.599073
1.951000	0.617486
1.952000	0.621064
1.953000	0.609524
1.954000	0.583248
1.955000	0.542632
1.956000	0.487378
1.957000	0.416041
1.958000	0.328287
1.959000	0.226649
1.960000	0.115042
1.961000	-0.002229
1.962000	-0.122869
1.963000	-0.246256
1.964000	-0.369222
1.965000	-0.486328
1.966000	-0.590023
1.967000	-0.668571
1.968000	-0.710758
1.969000	-0.712156
1.970000	-0.675560
1.971000	-0.606625
1.972000	-0.510175
1.973000	-0.391931
1.974000	-0.260796
1.975000	-0.127346
1.976000	-0.001173
1.977000	0.108800
1.978000	0.194379
1.979000	0.251383
1.980000	0.279802
1.981000	0.280276
1.982000	0.255779
1.983000	0.212892
1.984000	0.158908
1.985000	0.101239
1.986000	0.045844
1.987000	-0.001710
1.988000	-0.035156
1.989000	-0.050234
1.990000	-0.046335
1.991000	-0.025676
1.992000	0.008876
1.993000	0.052796
1.994000	0.099108
1.995000	0.143394
1.996000	0.185539
1.997000	0.224919
1.998000	0.257440
1.999000	0.277948
2.000000	0.282026
2.001000	0.265718
2.002000	0.227511
2.003000	0.169631
2.004000	0.100131
2.005000	0.032634
2.006000	-0.020337
2.007000	-0.052135
2.008000	-0.059574
2.009000	-0.039823
2.010000	0.007748
2.011000	0.079550
2.012000	0.168322
2.013000	0.263297
2.014000	0.353220
2.015000	0.428572
2.016000	0.480881
2.017000	0.503950
2.018000	0.494682
2.019000	0.452894
2.020000	0.380731
2.021000	0.282520
2.022000	0.164669
2.023000	0.033412
2.024000	-0.105009
2.025000	-0.241416
2.026000	-0.365858
2.027000	-0.471544
2.028000	-0.554745
2.029000	-0.614980
2.030000	-0.656088
2.031000	-0.683219
2.032000	-0.700171
2.033000	-0.710125
2.034000	-0.714875
2.035000	-0.712693
2.036000	-0.696800
2.037000	-0.659443
2.038000	-0.597876
2.039000	-0.513887
2.040000	-0.413141
2.041000	-0.303966
2.042000	-0.195827
2.043000	-0.097701
2.044000	-0.014417
2.045000	0.053365
2.046000	0.105880
2.047000	0.142094
2.048000	0.163774
2.049000	0.179222
2.050000	0.199587
2.051000	0.233161
2.052000	0.281447
2.053000	0.338119
2.054000	0.391086
2.055000	0.428039
2.056000	0.441004
2.057000	0.427510
2.058000	0.389684
2.059000	0.332009
2.060000	0.259363
2.061000	0.175731
2.062000	0.082833
2.063000	-0.018640
2.064000	-0.123696
2.065000	-0.223079
2.066000	-0.307509
2.067000	-0.370380
2.068000	-0.409410
2.069000	-0.425039
2.070000	-0.417273
2.071000	-0.384690
2.072000	-0.326242
2.073000	-0.245222
2.074000	-0.149422
2.075000	-0.047080
2.076000	0.056355
2.077000	0.158164
2.078000	0.256271
2.079000	0.348497
2.080000	0.431145
2.081000	0.499774
2.082000	0.552531
2.083000	0.590436
2.084000	0.614077
2.085000	0.621013
2.086000	0.608521
2.087000	0.576086
2.088000	0.523393
2.089000	0.449687
2.090000	0.358776
2.091000	0.260721
2.092000	0.163375
2.093000	0.069103
2.094000	0.022857
