0.000000	0.000000
0.001000	-0.000001
0.002000	-0.000001
0.003000	-0.000002
0.004000	-0.000003
0.005000	-0.000005
0.006000	-0.000009
0.007000	-0.000015
0.008000	-0.000025
0.009000	-0.000040
0.010000	-0.000065
0.011000	-0.000106
0.012000	-0.000169
0.013000	-0.000269
0.014000	-0.000425
0.015000	-0.000667
0.016000	-0.001041
0.017000	-0.001612
0.018000	-0.002478
0.019000	-0.003782
0.020000	-0.005725
0.021000	-0.008592
0.022000	-0.012770
0.023000	-0.018770
0.024000	-0.027231
0.025000	-0.038885
0.026000	-0.054425
0.027000	-0.074193
0.028000	-0.097489
0.029000	-0.121267
0.030000	-0.137842
0.031000	-0.131470
0.032000	-0.074613
0.033000	0.072519
0.034000	0.350837
0.035000	0.769664
0.036000	1.258362
0.037000	1.648727
0.038000	1.750004
0.039000	1.489765
0.040000	0.978291
0.041000	0.417898
0.042000	-0.036886
0.043000	-0.335726
0.044000	-0.501721
0.045000	-0.581188
0.046000	-0.614150
0.047000	-0.626392
0.048000	-0.631858
0.049000	-0.637236
0.050000	-0.645691
0.051000	-0.659174
0.052000	-0.678945
0.053000	-0.704184
0.054000	-0.729602
0.055000	-0.742961
0.056000	-0.722478
0.057000	-0.634393
0.058000	-0.434750
0.059000	-0.085758
0.060000	0.403755
0.061000	0.929964
0.062000	1.298139
0.063000	1.329671
0.064000	1.002523
0.065000	0.471684
0.066000	-0.056058
0.067000	-0.450463
0.068000	-0.684755
0.069000	-0.791989
0.070000	-0.818984
0.071000	-0.803948
0.072000	-0.771579
0.073000	-0.735359
0.074000	-0.701832
0.075000	-0.674289
0.076000	-0.654003
0.077000	-0.638507
0.078000	-0.617951
0.079000	-0.571071
0.080000	-0.462229
0.081000	-0.243654
0.082000	0.127338
0.083000	0.646894
0.084000	1.214133
0.085000	1.631350
0.086000	1.708957
0.087000	1.411487
0.088000	0.888052
0.089000	0.350175
0.090000	-0.062599
0.091000	-0.316209
0.092000	-0.440489
0.093000	-0.482216
0.094000	-0.481329
0.095000	-0.465039
0.096000	-0.449455
0.097000	-0.443148
0.098000	-0.450063
0.099000	-0.469949
0.100000	-0.495368
0.101000	-0.505977
0.102000	-0.462046
0.103000	-0.299923
0.104000	0.063578
0.105000	0.701061
0.106000	1.602275
0.107000	2.586168
0.108000	3.300736
0.109000	3.403160
0.110000	2.816031
0.111000	1.795416
0.112000	0.729319
0.113000	-0.110224
0.114000	-0.648156
0.115000	-0.938371
0.116000	-1.069969
0.117000	-1.115693
0.118000	-1.121533
0.119000	-1.114002
0.120000	-1.107654
0.121000	-1.108280
0.122000	-1.115091
0.123000	-1.124567
0.124000	-1.134101
0.125000	-1.141887
0.126000	-1.142612
0.127000	-1.121874
0.128000	-1.051761
0.129000	-0.889633
0.130000	-0.586717
0.131000	-0.118064
0.132000	0.465147
0.133000	1.000007
0.134000	1.265661
0.135000	1.133092
0.136000	0.674912
0.137000	0.105624
0.138000	-0.377783
0.139000	-0.690166
0.140000	-0.842489
0.141000	-0.884184
0.142000	-0.863059
0.143000	-0.812345
0.144000	-0.751520
0.145000	-0.690267
0.146000	-0.632300
0.147000	-0.578455
0.148000	-0.528512
0.149000	-0.481055
0.150000	-0.430994
0.151000	-0.365340
0.152000	-0.258381
0.153000	-0.069205
0.154000	0.250827
0.155000	0.729015
0.156000	1.318810
0.157000	1.861242
0.158000	2.134498
0.159000	2.003145
0.160000	1.532613
0.161000	0.934708
0.162000	0.409640
0.163000	0.049294
0.164000	-0.151791
0.165000	-0.242707
0.166000	-0.274239
0.167000	-0.277371
0.168000	-0.254756
0.169000	-0.180856
0.170000	-0.010707
0.171000	0.299134
0.172000	0.752288
0.173000	1.269551
0.174000	1.694772
0.175000	1.896373
0.176000	1.889906
0.177000	1.818767
0.178000	1.779315
0.179000	1.696235
0.180000	1.409400
0.181000	0.866628
0.182000	0.189547
0.183000	-0.438470
0.184000	-0.903367
0.185000	-1.191007
0.186000	-1.344823
0.187000	-1.418964
0.188000	-1.454597
0.189000	-1.475354
0.190000	-1.492075
0.191000	-1.509061
0.192000	-1.527045
0.193000	-1.542756
0.194000	-1.547717
0.195000	-1.526863
0.196000	-1.455919
0.197000	-1.298754
0.198000	-1.011075
0.199000	-0.562608
0.200000	0.015032
0.201000	0.582647
0.202000	0.922327
0.203000	0.874364
0.204000	0.471462
0.205000	-0.084222
0.206000	-0.575527
0.207000	-0.888708
0.208000	-1.018200
0.209000	-1.013427
0.210000	-0.933832
0.211000	-0.828272
0.212000	-0.728774
0.213000	-0.650562
0.214000	-0.596166
0.215000	-0.561868
0.216000	-0.543033
0.217000	-0.535495
0.218000	-0.533050
0.219000	-0.523098
0.220000	-0.481376
0.221000	-0.365210
0.222000	-0.106850
0.223000	0.383161
0.224000	1.181554
0.225000	2.273444
0.226000	3.471016
0.227000	4.439386
0.228000	4.877604
0.229000	4.697055
0.230000	4.009153
0.231000	2.998779
0.232000	1.865338
0.233000	0.811014
0.234000	-0.012073
0.235000	-0.553503
0.236000	-0.853561
0.237000	-0.991978
0.238000	-1.043938
0.239000	-1.061568
0.240000	-1.074260
0.241000	-1.095277
0.242000	-1.127804
0.243000	-1.169404
0.244000	-1.214662
0.245000	-1.254742
0.246000	-1.273548
0.247000	-1.243160
0.248000	-1.122978
0.249000	-0.867404
0.250000	-0.450386
0.251000	0.088091
0.252000	0.601681
0.253000	0.874600
0.254000	0.761464
0.255000	0.310818
0.256000	-0.273054
0.257000	-0.786437
0.258000	-1.132796
0.259000	-1.315948
0.260000	-1.383595
0.261000	-1.385626
0.262000	-1.357721
0.263000	-1.317372
0.264000	-1.264650
0.265000	-1.184411
0.266000	-1.046555
0.267000	-0.807891
0.268000	-0.430327
0.269000	0.075727
0.270000	0.611981
0.271000	1.024717
0.272000	1.227381
0.273000	1.293737
0.274000	1.383565
0.275000	1.565430
0.276000	1.752674
0.277000	1.831137
0.278000	1.801005
0.279000	1.735452
0.280000	1.628401
0.281000	1.370113
0.282000	0.892295
0.283000	0.274964
0.284000	-0.316829
0.285000	-0.759409
0.286000	-1.020614
0.287000	-1.131632
0.288000	-1.144594
0.289000	-1.108189
0.290000	-1.058790
0.291000	-1.017996
0.292000	-0.992530
0.293000	-0.977102
0.294000	-0.961134
0.295000	-0.936256
0.296000	-0.899977
0.297000	-0.855103
0.298000	-0.807286
0.299000	-0.761527
0.300000	-0.718780
0.301000	-0.675900
0.302000	-0.629666
0.303000	-0.580176
0.304000	-0.528207
0.305000	-0.466661
0.306000	-0.371577
0.307000	-0.199538
0.308000	0.100879
0.309000	0.554874
0.310000	1.108541
0.311000	1.602684
0.312000	1.844183
0.313000	1.762007
0.314000	1.494782
0.315000	1.290839
0.316000	1.309643
0.317000	1.508345
0.318000	1.702980
0.319000	1.750359
0.320000	1.678873
0.321000	1.622899
0.322000	1.633697
0.323000	1.592762
0.324000	1.331556
0.325000	0.814386
0.326000	0.174899
0.327000	-0.404737
0.328000	-0.807529
0.329000	-0.992980
0.330000	-0.953701
0.331000	-0.693126
0.332000	-0.251851
0.333000	0.244182
0.334000	0.586282
0.335000	0.590696
0.336000	0.237408
0.337000	-0.316337
0.338000	-0.866814
0.339000	-1.289760
0.340000	-1.561411
0.341000	-1.712566
0.342000	-1.783908
0.343000	-1.806455
0.344000	-1.799867
0.345000	-1.776516
0.346000	-1.744889
0.347000	-1.711182
0.348000	-1.679013
0.349000	-1.646664
0.350000	-1.602238
0.351000	-1.518435
0.352000	-1.349004
0.353000	-1.032342
0.354000	-0.514006
0.355000	0.205822
0.356000	1.025998
0.357000	1.758236
0.358000	2.219383
0.359000	2.316156
0.360000	2.045944
0.361000	1.473235
0.362000	0.736486
0.363000	0.020419
0.364000	-0.528138
0.365000	-0.853817
0.366000	-0.969563
0.367000	-0.901143
0.368000	-0.652345
0.369000	-0.209096
0.370000	0.421768
0.371000	1.162619
0.372000	1.855919
0.373000	2.330125
0.374000	2.480039
0.375000	2.277546
0.376000	1.754063
0.377000	1.023513
0.378000	0.282270
0.379000	-0.270147
0.380000	-0.512404
0.381000	-0.417439
0.382000	-0.039316
0.383000	0.482493
0.384000	0.927223
0.385000	1.070903
0.386000	0.824353
0.387000	0.296673
0.388000	-0.298132
0.389000	-0.788628
0.390000	-1.110157
0.391000	-1.278209
0.392000	-1.338945
0.393000	-1.337700
0.394000	-1.308007
0.395000	-1.271684
0.396000	-1.240964
0.397000	-1.219285
0.398000	-1.203024
0.399000	-1.186001
0.400000	-1.164219
0.401000	-1.136281
0.402000	-1.097715
0.403000	-1.032841
0.404000	-0.909917
0.405000	-0.683596
0.406000	-0.310274
0.407000	0.215730
0.408000	0.812975
0.409000	1.298639
0.410000	1.470262
0.411000	1.253411
0.412000	0.767463
0.413000	0.228639
0.414000	-0.197976
0.415000	-0.458009
0.416000	-0.573894
0.417000	-0.586888
0.418000	-0.519677
0.419000	-0.366448
0.420000	-0.101989
0.421000	0.293688
0.422000	0.791972
0.423000	1.275962
0.424000	1.570298
0.425000	1.568827
0.426000	1.351153
0.427000	1.142272
0.428000	1.138717
0.429000	1.366229
0.430000	1.683943
0.431000	1.921160
0.432000	2.014851
0.433000	1.996844
0.434000	1.864480
0.435000	1.541541
0.436000	0.994577
0.437000	0.323374
0.438000	-0.303917
0.439000	-0.771666
0.440000	-1.059902
0.441000	-1.210127
0.442000	-1.279815
0.443000	-1.317370
0.444000	-1.352175
0.445000	-1.391854
0.446000	-1.427832
0.447000	-1.448746
0.448000	-1.452778
0.449000	-1.448854
0.450000	-1.446406
0.451000	-1.444367
0.452000	-1.430191
0.453000	-1.386393
0.454000	-1.291705
0.455000	-1.113691
0.456000	-0.809036
0.457000	-0.352049
0.458000	0.209778
0.459000	0.718864
0.460000	0.962560
0.461000	0.821396
0.462000	0.374829
0.463000	-0.155741
0.464000	-0.554516
0.465000	-0.698232
0.466000	-0.552731
0.467000	-0.151575
0.468000	0.395702
0.469000	0.896655
0.470000	1.140003
0.471000	1.026834
0.472000	0.642320
0.473000	0.178112
0.474000	-0.204163
0.475000	-0.431996
0.476000	-0.492271
0.477000	-0.382670
0.478000	-0.092560
0.479000	0.375088
0.480000	0.951485
0.481000	1.465884
0.482000	1.699790
0.483000	1.534744
0.484000	1.054433
0.485000	0.476183
0.486000	-0.010149
0.487000	-0.330647
0.488000	-0.504786
0.489000	-0.584828
0.490000	-0.616495
0.491000	-0.628547
0.492000	-0.635700
0.493000	-0.642900
0.494000	-0.648799
0.495000	-0.649167
0.496000	-0.639002
0.497000	-0.612050
0.498000	-0.557123
0.499000	-0.450207
0.500000	-0.245165
0.501000	0.124289
0.502000	0.712564
0.503000	1.498250
0.504000	2.331548
0.505000	2.961694
0.506000	3.153615
0.507000	2.814480
0.508000	2.047224
0.509000	1.098754
0.510000	0.227545
0.511000	-0.415851
0.512000	-0.812657
0.513000	-1.021509
0.514000	-1.115463
0.515000	-1.149031
0.516000	-1.153262
0.517000	-1.143619
0.518000	-1.128333
0.519000	-1.112645
0.520000	-1.101299
0.521000	-1.100198
0.522000	-1.113135
0.523000	-1.133148
0.524000	-1.136128
0.525000	-1.082936
0.526000	-0.927648
0.527000	-0.629174
0.528000	-0.174349
0.529000	0.380000
0.530000	0.877358
0.531000	1.114488
0.532000	0.981734
0.533000	0.557044
0.534000	0.039775
0.535000	-0.396445
0.536000	-0.681393
0.537000	-0.827954
0.538000	-0.880132
0.539000	-0.879103
0.540000	-0.853385
0.541000	-0.820479
0.542000	-0.788187
0.543000	-0.751600
0.544000	-0.688696
0.545000	-0.559091
0.546000	-0.309497
0.547000	0.107666
0.548000	0.696721
0.549000	1.381265
0.550000	2.017538
0.551000	2.472128
0.552000	2.678375
0.553000	2.605961
0.554000	2.234086
0.555000	1.608848
0.556000	0.881169
0.557000	0.231128
0.558000	-0.234787
0.559000	-0.506946
0.560000	-0.630562
0.561000	-0.661828
0.562000	-0.648457
0.563000	-0.625140
0.564000	-0.611216
0.565000	-0.610541
0.566000	-0.618454
0.567000	-0.631997
0.568000	-0.652888
0.569000	-0.681424
0.570000	-0.711207
0.571000	-0.731493
0.572000	-0.732519
0.573000	-0.706776
0.574000	-0.644747
0.575000	-0.527357
0.576000	-0.320796
0.577000	0.014036
0.578000	0.484349
0.579000	1.010986
0.580000	1.415012
0.581000	1.508878
0.582000	1.243942
0.583000	0.756017
0.584000	0.251660
0.585000	-0.130844
0.586000	-0.360040
0.587000	-0.469367
0.588000	-0.508378
0.589000	-0.516730
0.590000	-0.515999
0.591000	-0.512772
0.592000	-0.507364
0.593000	-0.499669
0.594000	-0.489701
0.595000	-0.477230
0.596000	-0.461669
0.597000	-0.440696
0.598000	-0.410093
0.599000	-0.366938
0.600000	-0.312741
0.601000	-0.253138
0.602000	-0.195552
0.603000	-0.147027
0.604000	-0.111529
0.605000	-0.086963
0.606000	-0.065339
0.607000	-0.037223
0.608000	0.002998
0.609000	0.054037
0.610000	0.107812
0.611000	0.153621
0.612000	0.184749
0.613000	0.202235
0.614000	0.211863
0.615000	0.217381
0.616000	0.217512
0.617000	0.209373
0.618000	0.193079
0.619000	0.173695
0.620000	0.162815
0.621000	0.181400
0.622000	0.262180
0.623000	0.447953
0.624000	0.776499
0.625000	1.242436
0.626000	1.750223
0.627000	2.113072
0.628000	2.149016
0.629000	1.820104
0.630000	1.267287
0.631000	0.696667
0.632000	0.247022
0.633000	-0.047216
0.634000	-0.217343
0.635000	-0.312721
0.636000	-0.373661
0.637000	-0.423069
0.638000	-0.469037
0.639000	-0.512870
0.640000	-0.557579
0.641000	-0.609336
0.642000	-0.668126
0.643000	-0.716961
0.644000	-0.722147
0.645000	-0.642421
0.646000	-0.439189
0.647000	-0.094509
0.648000	0.352629
0.649000	0.773606
0.650000	0.983911
0.651000	0.868668
0.652000	0.497322
0.653000	0.093601
0.654000	-0.113473
0.655000	-0.019912
0.656000	0.304771
0.657000	0.643861
0.658000	0.745830
0.659000	0.489230
0.660000	-0.038735
0.661000	-0.632966
0.662000	-1.122997
0.663000	-1.441968
0.664000	-1.598732
0.665000	-1.621960
0.666000	-1.523364
0.667000	-1.289832
0.668000	-0.904139
0.669000	-0.391597
0.670000	0.133387
0.671000	0.482568
0.672000	0.505822
0.673000	0.213057
0.674000	-0.233595
0.675000	-0.650427
0.676000	-0.939697
0.677000	-1.094781
0.678000	-1.150430
0.679000	-1.143266
0.680000	-1.098641
0.681000	-1.031558
0.682000	-0.951429
0.683000	-0.866821
0.684000	-0.787120
0.685000	-0.720052
0.686000	-0.668577
0.687000	-0.630380
0.688000	-0.598593
0.689000	-0.561366
0.690000	-0.500280
0.691000	-0.388633
0.692000	-0.190253
0.693000	0.137490
0.694000	0.625640
0.695000	1.254538
0.696000	1.922751
0.697000	2.481382
0.698000	2.828208
0.699000	2.948803
0.700000	2.848358
0.701000	2.502309
0.702000	1.925838
0.703000	1.242107
0.704000	0.622535
0.705000	0.175253
0.706000	-0.091629
0.707000	-0.228669
0.708000	-0.292750
0.709000	-0.322158
0.710000	-0.333820
0.711000	-0.323339
0.712000	-0.261254
0.713000	-0.097534
0.714000	0.207980
0.715000	0.628464
0.716000	1.028417
0.717000	1.210138
0.718000	1.056842
0.719000	0.647864
0.720000	0.221076
0.721000	0.030106
0.722000	0.228179
0.723000	0.811394
0.724000	1.587666
0.725000	2.205293
0.726000	2.313356
0.727000	1.789551
0.728000	0.823239
0.729000	-0.240398
0.730000	-1.128164
0.731000	-1.737750
0.732000	-2.094050
0.733000	-2.267858
0.734000	-2.327328
0.735000	-2.323696
0.736000	-2.287876
0.737000	-2.225387
0.738000	-2.113249
0.739000	-1.907563
0.740000	-1.566893
0.741000	-1.092402
0.742000	-0.570485
0.743000	-0.170291
0.744000	-0.052371
0.745000	-0.243878
0.746000	-0.614816
0.747000	-0.985133
0.748000	-1.239801
0.749000	-1.356291
0.750000	-1.369478
0.751000	-1.331492
0.752000	-1.285801
0.753000	-1.252928
0.754000	-1.227684
0.755000	-1.185483
0.756000	-1.089417
0.757000	-0.895816
0.758000	-0.566130
0.759000	-0.091555
0.760000	0.476448
0.761000	1.020260
0.762000	1.419267
0.763000	1.667508
0.764000	1.920936
0.765000	2.369778
0.766000	3.022099
0.767000	3.612488
0.768000	3.763678
0.769000	3.290020
0.770000	2.350917
0.771000	1.304800
0.772000	0.447815
0.773000	-0.110898
0.774000	-0.406494
0.775000	-0.526073
0.776000	-0.549170
0.777000	-0.528098
0.778000	-0.487246
0.779000	-0.425835
0.780000	-0.320871
0.781000	-0.135596
0.782000	0.159019
0.783000	0.546429
0.784000	0.926819
0.785000	1.129625
0.786000	1.013399
0.787000	0.586942
0.788000	0.021712
0.789000	-0.459152
0.790000	-0.693349
0.791000	-0.613786
0.792000	-0.238726
0.793000	0.330989
0.794000	0.917411
0.795000	1.315539
0.796000	1.380075
0.797000	1.093769
0.798000	0.587382
0.799000	0.095352
0.800000	-0.162264
0.801000	-0.113177
0.802000	0.111923
0.803000	0.252291
0.804000	0.094649
0.805000	-0.373145
0.806000	-0.976274
0.807000	-1.501029
0.808000	-1.809316
0.809000	-1.850168
0.810000	-1.634472
0.811000	-1.236788
0.812000	-0.809600
0.813000	-0.545501
0.814000	-0.567601
0.815000	-0.843071
0.816000	-1.224674
0.817000	-1.572833
0.818000	-1.824653
0.819000	-1.972652
0.820000	-2.017045
0.821000	-1.943145
0.822000	-1.725321
0.823000	-1.347024
0.824000	-0.835068
0.825000	-0.291528
0.826000	0.126834
0.827000	0.311776
0.828000	0.311542
0.829000	0.313359
0.830000	0.497485
0.831000	0.898605
0.832000	1.387639
0.833000	1.777462
0.834000	1.949345
0.835000	1.877972
0.836000	1.577515
0.837000	1.090968
0.838000	0.519132
0.839000	-0.006304
0.840000	-0.393513
0.841000	-0.621903
0.842000	-0.719663
0.843000	-0.729039
0.844000	-0.685421
0.845000	-0.610515
0.846000	-0.512899
0.847000	-0.389564
0.848000	-0.224720
0.849000	0.009800
0.850000	0.340318
0.851000	0.755332
0.852000	1.165071
0.853000	1.409982
0.854000	1.356553
0.855000	1.013031
0.856000	0.536899
0.857000	0.126781
0.858000	-0.076199
0.859000	-0.005909
0.860000	0.346498
0.861000	0.931334
0.862000	1.635700
0.863000	2.316639
0.864000	2.852475
0.865000	3.151638
0.866000	3.128371
0.867000	2.716178
0.868000	1.934538
0.869000	0.936854
0.870000	-0.037942
0.871000	-0.782011
0.872000	-1.193212
0.873000	-1.266059
0.874000	-1.058059
0.875000	-0.685249
0.876000	-0.327136
0.877000	-0.177632
0.878000	-0.335556
0.879000	-0.736476
0.880000	-1.210957
0.881000	-1.607246
0.882000	-1.861391
0.883000	-1.987098
0.884000	-2.030953
0.885000	-2.034483
0.886000	-2.018814
0.887000	-1.989755
0.888000	-1.949903
0.889000	-1.904016
0.890000	-1.853669
0.891000	-1.787202
0.892000	-1.674405
0.893000	-1.471311
0.894000	-1.136041
0.895000	-0.658411
0.896000	-0.099972
0.897000	0.389393
0.898000	0.631425
0.899000	0.543106
0.900000	0.206311
0.901000	-0.196710
0.902000	-0.501654
0.903000	-0.616023
0.904000	-0.504631
0.905000	-0.175595
0.906000	0.303089
0.907000	0.799653
0.908000	1.185178
0.909000	1.436647
0.910000	1.646274
0.911000	1.888911
0.912000	2.091518
0.913000	2.074293
0.914000	1.733885
0.915000	1.162425
0.916000	0.580182
0.917000	0.185675
0.918000	0.073812
0.919000	0.238081
0.920000	0.592535
0.921000	0.984062
0.922000	1.225616
0.923000	1.181884
0.924000	0.856418
0.925000	0.382566
0.926000	-0.077823
0.927000	-0.418917
0.928000	-0.597883
0.929000	-0.597075
0.930000	-0.392142
0.931000	0.043415
0.932000	0.687161
0.933000	1.404488
0.934000	1.961156
0.935000	2.163015
0.936000	2.014041
0.937000	1.699983
0.938000	1.386247
0.939000	1.059010
0.940000	0.593082
0.941000	-0.054252
0.942000	-0.765497
0.943000	-1.362910
0.944000	-1.732784
0.945000	-1.853306
0.946000	-1.752134
0.947000	-1.471527
0.948000	-1.079096
0.949000	-0.698030
0.950000	-0.487996
0.951000	-0.551470
0.952000	-0.851542
0.953000	-1.241293
0.954000	-1.572830
0.955000	-1.774015
0.956000	-1.848948
0.957000	-1.839103
0.958000	-1.788783
0.959000	-1.729374
0.960000	-1.675493
0.961000	-1.625732
0.962000	-1.569711
0.963000	-1.500138
0.964000	-1.417734
0.965000	-1.321628
0.966000	-1.195170
0.967000	-1.002614
0.968000	-0.701893
0.969000	-0.269642
0.970000	0.267661
0.971000	0.813964
0.972000	1.237071
0.973000	1.474716
0.974000	1.626717
0.975000	1.898009
0.976000	2.398948
0.977000	2.984868
0.978000	3.314954
0.979000	3.119021
0.980000	2.426834
0.981000	1.526202
0.982000	0.725311
0.983000	0.179591
0.984000	-0.110924
0.985000	-0.220212
0.986000	-0.229690
0.987000	-0.200844
0.988000	-0.170013
0.989000	-0.152439
0.990000	-0.152553
0.991000	-0.172989
0.992000	-0.213919
0.993000	-0.267130
0.994000	-0.316791
0.995000	-0.349812
0.996000	-0.366344
0.997000	-0.379996
0.998000	-0.408098
0.999000	-0.460559
1.000000	-0.531235
1.001000	-0.589991
1.002000	-0.576493
1.003000	-0.400307
1.004000	0.043159
1.005000	0.820667
1.006000	1.864583
1.007000	2.893339
1.008000	3.481328
1.009000	3.319051
1.010000	2.456661
1.011000	1.269929
1.012000	0.190768
1.013000	-0.511478
1.014000	-0.747127
1.015000	-0.521818
1.016000	0.095336
1.017000	0.917741
1.018000	1.610700
1.019000	1.817150
1.020000	1.394425
1.021000	0.521315
1.022000	-0.452940
1.023000	-1.247596
1.024000	-1.759768
1.025000	-2.027192
1.026000	-2.144608
1.027000	-2.198532
1.028000	-2.235521
1.029000	-2.263579
1.030000	-2.273760
1.031000	-2.259653
1.032000	-2.222914
1.033000	-2.169796
1.034000	-2.107874
1.035000	-2.044960
1.036000	-1.985981
1.037000	-1.927770
1.038000	-1.857867
1.039000	-1.757452
1.040000	-1.600519
1.041000	-1.347749
1.042000	-0.948284
1.043000	-0.367531
1.044000	0.358384
1.045000	1.081864
1.046000	1.583495
1.047000	1.703828
1.048000	1.469379
1.049000	1.092907
1.050000	0.839748
1.051000	0.864946
1.052000	1.126527
1.053000	1.417948
1.054000	1.510616
1.055000	1.318188
1.056000	0.938722
1.057000	0.544658
1.058000	0.253571
1.059000	0.090661
1.060000	0.025189
1.061000	0.015359
1.062000	0.029814
1.063000	0.051013
1.064000	0.074021
1.065000	0.102885
1.066000	0.142096
1.067000	0.189741
1.068000	0.241388
1.069000	0.302223
1.070000	0.397528
1.071000	0.573066
1.072000	0.876598
1.073000	1.320001
1.074000	1.849200
1.075000	2.357162
1.076000	2.726339
1.077000	2.854039
1.078000	2.669139
1.079000	2.181522
1.080000	1.527948
1.081000	0.926507
1.082000	0.541759
1.083000	0.378297
1.084000	0.306677
1.085000	0.202863
1.086000	0.068934
1.087000	0.009370
1.088000	0.085481
1.089000	0.204845
1.090000	0.172780
1.091000	-0.134260
1.092000	-0.657258
1.093000	-1.220317
1.094000	-1.676200
1.095000	-1.977739
1.096000	-2.151298
1.097000	-2.240804
1.098000	-2.274945
1.099000	-2.266468
1.100000	-2.226771
1.101000	-2.173820
1.102000	-2.125395
1.103000	-2.088077
1.104000	-2.055085
1.105000	-2.012426
1.106000	-1.942391
1.107000	-1.820226
1.108000	-1.613484
1.109000	-1.298078
1.110000	-0.893931
1.111000	-0.493920
1.112000	-0.234533
1.113000	-0.194910
1.114000	-0.308980
1.115000	-0.391485
1.116000	-0.256291
1.117000	0.177496
1.118000	0.843650
1.119000	1.546221
1.120000	2.034223
1.121000	2.119676
1.122000	1.780897
1.123000	1.174513
1.124000	0.535320
1.125000	0.044804
1.126000	-0.229403
1.127000	-0.310230
1.128000	-0.259827
1.129000	-0.142636
1.130000	-0.009299
1.131000	0.107746
1.132000	0.193844
1.133000	0.248151
1.134000	0.277471
1.135000	0.290416
1.136000	0.293564
1.137000	0.292124
1.138000	0.296122
1.139000	0.326793
1.140000	0.415454
1.141000	0.592586
1.142000	0.869350
1.143000	1.217925
1.144000	1.570630
1.145000	1.858982
1.146000	2.065632
1.147000	2.220864
1.148000	2.342158
1.149000	2.398270
1.150000	2.326202
1.151000	2.062901
1.152000	1.590064
1.153000	0.980851
1.154000	0.382863
1.155000	-0.062903
1.156000	-0.283157
1.157000	-0.276954
1.158000	-0.103605
1.159000	0.118618
1.160000	0.234920
1.161000	0.131133
1.162000	-0.185235
1.163000	-0.594027
1.164000	-0.958901
1.165000	-1.210421
1.166000	-1.353897
1.167000	-1.428565
1.168000	-1.469989
1.169000	-1.499720
1.170000	-1.533550
1.171000	-1.586661
1.172000	-1.665402
1.173000	-1.757118
1.174000	-1.834876
1.175000	-1.875077
1.176000	-1.869577
1.177000	-1.822216
1.178000	-1.735296
1.179000	-1.594134
1.180000	-1.358679
1.181000	-0.976941
1.182000	-0.427810
1.183000	0.226914
1.184000	0.834721
1.185000	1.232763
1.186000	1.367059
1.187000	1.319270
1.188000	1.195534
1.189000	1.010660
1.190000	0.712926
1.191000	0.300958
1.192000	-0.133679
1.193000	-0.479264
1.194000	-0.683353
1.195000	-0.761774
1.196000	-0.760269
1.197000	-0.716797
1.198000	-0.646612
1.199000	-0.549909
1.200000	-0.428651
1.201000	-0.296102
1.202000	-0.173054
1.203000	-0.076697
1.204000	-0.011177
1.205000	0.033426
1.206000	0.073547
1.207000	0.124382
1.208000	0.199953
1.209000	0.319862
1.210000	0.515265
1.211000	0.822228
1.212000	1.248378
1.213000	1.721573
1.214000	2.076202
1.215000	2.133024
1.216000	1.832298
1.217000	1.293465
1.218000	0.738744
1.219000	0.361509
1.220000	0.252509
1.221000	0.402639
1.222000	0.730035
1.223000	1.106252
1.224000	1.407047
1.225000	1.583077
1.226000	1.667765
1.227000	1.683810
1.228000	1.567233
1.229000	1.232235
1.230000	0.697744
1.231000	0.102658
1.232000	-0.400969
1.233000	-0.741442
1.234000	-0.932944
1.235000	-1.030416
1.236000	-1.087805
1.237000	-1.137967
1.238000	-1.190943
1.239000	-1.242855
1.240000	-1.287683
1.241000	-1.325167
1.242000	-1.360662
1.243000	-1.399341
1.244000	-1.441567
1.245000	-1.482507
1.246000	-1.514282
1.247000	-1.528708
1.248000	-1.518336
1.249000	-1.473064
1.250000	-1.372165
1.251000	-1.175298
1.252000	-0.822214
1.253000	-0.258187
1.254000	0.507207
1.255000	1.341591
1.256000	2.003098
1.257000	2.256330
1.258000	2.012403
1.259000	1.377470
1.260000	0.583405
1.261000	-0.135600
1.262000	-0.641021
1.263000	-0.913612
1.264000	-1.010275
1.265000	-1.004060
1.266000	-0.947831
1.267000	-0.868039
1.268000	-0.774891
1.269000	-0.673775
1.270000	-0.571282
1.271000	-0.476345
1.272000	-0.397473
1.273000	-0.337755
1.274000	-0.292672
1.275000	-0.253403
1.276000	-0.212475
1.277000	-0.168250
1.278000	-0.125818
1.279000	-0.091954
1.280000	-0.066956
1.281000	-0.042387
1.282000	-0.008642
1.283000	0.036488
1.284000	0.088278
1.285000	0.141919
1.286000	0.197385
1.287000	0.262701
1.288000	0.362395
1.289000	0.547767
1.290000	0.891061
1.291000	1.444661
1.292000	2.166007
1.293000	2.858409
1.294000	3.225637
1.295000	3.066182
1.296000	2.440560
1.297000	1.619251
1.298000	0.874133
1.299000	0.336621
1.300000	0.004444
1.301000	-0.185299
1.302000	-0.297864
1.303000	-0.375611
1.304000	-0.436182
1.305000	-0.482163
1.306000	-0.512901
1.307000	-0.532972
1.308000	-0.553868
1.309000	-0.588804
1.310000	-0.645293
1.311000	-0.719340
1.312000	-0.791754
1.313000	-0.829065
1.314000	-0.792733
1.315000	-0.655016
1.316000	-0.416493
1.317000	-0.119712
1.318000	0.156051
1.319000	0.337323
1.320000	0.412856
1.321000	0.435213
1.322000	0.455544
1.323000	0.478893
1.324000	0.492253
1.325000	0.494401
1.326000	0.465382
1.327000	0.342699
1.328000	0.078070
1.329000	-0.292710
1.330000	-0.668188
1.331000	-0.960277
1.332000	-1.141904
1.333000	-1.238439
1.334000	-1.294109
1.335000	-1.340689
1.336000	-1.382362
1.337000	-1.401610
1.338000	-1.377826
1.339000	-1.303398
1.340000	-1.189027
1.341000	-1.058871
1.342000	-0.938409
1.343000	-0.841305
1.344000	-0.765069
1.345000	-0.697910
1.346000	-0.627656
1.347000	-0.545796
1.348000	-0.449653
1.349000	-0.344772
1.350000	-0.242595
1.351000	-0.151386
1.352000	-0.065140
1.353000	0.042517
1.354000	0.210371
1.355000	0.463587
1.356000	0.784683
1.357000	1.112822
1.358000	1.391926
1.359000	1.635311
1.360000	1.922724
1.361000	2.297917
1.362000	2.667761
1.363000	2.831884
1.364000	2.634800
1.365000	2.094910
1.366000	1.388773
1.367000	0.723627
1.368000	0.229192
1.369000	-0.062481
1.370000	-0.183914
1.371000	-0.195878
1.372000	-0.162052
1.373000	-0.132701
1.374000	-0.136007
1.375000	-0.175421
1.376000	-0.233775
1.377000	-0.286619
1.378000	-0.319562
1.379000	-0.337149
1.380000	-0.356239
1.381000	-0.389950
1.382000	-0.436035
1.383000	-0.479421
1.384000	-0.504936
1.385000	-0.505198
1.386000	-0.474822
1.387000	-0.401136
1.388000	-0.268816
1.389000	-0.082904
1.390000	0.105139
1.391000	0.201713
1.392000	0.127523
1.393000	-0.115078
1.394000	-0.437395
1.395000	-0.724606
1.396000	-0.892401
1.397000	-0.899860
1.398000	-0.736801
1.399000	-0.416486
1.400000	0.016841
1.401000	0.483542
1.402000	0.891428
1.403000	1.168872
1.404000	1.263479
1.405000	1.128964
1.406000	0.763976
1.407000	0.260526
1.408000	-0.232817
1.409000	-0.602277
1.410000	-0.814085
1.411000	-0.896650
1.412000	-0.904957
1.413000	-0.892268
1.414000	-0.892407
1.415000	-0.915116
1.416000	-0.951903
1.417000	-0.983853
1.418000	-0.988852
1.419000	-0.951241
1.420000	-0.870616
1.421000	-0.762073
1.422000	-0.647262
1.423000	-0.543719
1.424000	-0.459465
1.425000	-0.393326
1.426000	-0.338097
1.427000	-0.285298
1.428000	-0.230131
1.429000	-0.172702
1.430000	-0.112929
1.431000	-0.043801
1.432000	0.050499
1.433000	0.192758
1.434000	0.409286
1.435000	0.716631
1.436000	1.091819
1.437000	1.446129
1.438000	1.648013
1.439000	1.608772
1.440000	1.357363
1.441000	1.017646
1.442000	0.714041
1.443000	0.504404
1.444000	0.381357
1.445000	0.310308
1.446000	0.262183
1.447000	0.223585
1.448000	0.191386
1.449000	0.165896
1.450000	0.147831
1.451000	0.136160
1.452000	0.126245
1.453000	0.111508
1.454000	0.087778
1.455000	0.056145
1.456000	0.023970
1.457000	0.005303
1.458000	0.018633
1.459000	0.081211
1.460000	0.203463
1.461000	0.381332
1.462000	0.579884
1.463000	0.723408
1.464000	0.727434
1.465000	0.565301
1.466000	0.298480
1.467000	0.034078
1.468000	-0.135076
1.469000	-0.152891
1.470000	-0.003119
1.471000	0.271999
1.472000	0.555070
1.473000	0.692697
1.474000	0.593731
1.475000	0.296507
1.476000	-0.071288
1.477000	-0.391298
1.478000	-0.612511
1.479000	-0.742725
1.480000	-0.813798
1.481000	-0.857215
1.482000	-0.895400
1.483000	-0.940010
1.484000	-0.992242
1.485000	-1.044459
1.486000	-1.083663
1.487000	-1.097710
1.488000	-1.081740
1.489000	-1.039543
1.490000	-0.979156
1.491000	-0.907852
1.492000	-0.830621
1.493000	-0.750817
1.494000	-0.668693
1.495000	-0.575750
1.496000	-0.450110
1.497000	-0.263390
1.498000	-0.004864
1.499000	0.288024
1.500000	0.525740
1.501000	0.617093
1.502000	0.540481
1.503000	0.357883
1.504000	0.158316
1.505000	0.001156
1.506000	-0.093577
1.507000	-0.124337
1.508000	-0.084797
1.509000	0.047027
1.510000	0.299374
1.511000	0.675687
1.512000	1.114666
1.513000	1.479939
1.514000	1.621858
1.515000	1.484354
1.516000	1.149931
1.517000	0.769479
1.518000	0.457653
1.519000	0.251305
1.520000	0.133389
1.521000	0.070813
1.522000	0.035185
1.523000	0.007463
1.524000	-0.022120
1.525000	-0.054017
1.526000	-0.082047
1.527000	-0.098335
1.528000	-0.093079
1.529000	-0.047587
1.530000	0.066082
1.531000	0.264151
1.532000	0.515144
1.533000	0.724406
1.534000	0.778513
1.535000	0.631648
1.536000	0.345880
1.537000	0.034941
1.538000	-0.222643
1.539000	-0.412164
1.540000	-0.550815
1.541000	-0.650809
1.542000	-0.709024
1.543000	-0.711217
1.544000	-0.633388
1.545000	-0.444730
1.546000	-0.126679
1.547000	0.289647
1.548000	0.692061
1.549000	0.913041
1.550000	0.833760
1.551000	0.482544
1.552000	0.013201
1.553000	-0.414088
1.554000	-0.719753
1.555000	-0.902410
1.556000	-0.995136
1.557000	-1.033521
1.558000	-1.043657
1.559000	-1.038778
1.560000	-1.019962
1.561000	-0.980244
1.562000	-0.907859
1.563000	-0.785869
1.564000	-0.592946
1.565000	-0.313196
1.566000	0.041427
1.567000	0.405389
1.568000	0.661637
1.569000	0.701376
1.570000	0.508902
1.571000	0.182859
1.572000	-0.135178
1.573000	-0.349255
1.574000	-0.439212
1.575000	-0.434582
1.576000	-0.376724
1.577000	-0.298898
1.578000	-0.223093
1.579000	-0.160413
1.580000	-0.111845
1.581000	-0.073642
1.582000	-0.044252
1.583000	-0.024626
1.584000	-0.011689
1.585000	0.005567
1.586000	0.039600
1.587000	0.092259
1.588000	0.150875
1.589000	0.197767
1.590000	0.222688
1.591000	0.227404
1.592000	0.223218
1.593000	0.225143
1.594000	0.243509
1.595000	0.277168
1.596000	0.314148
1.597000	0.339728
1.598000	0.346887
1.599000	0.343520
1.600000	0.353296
1.601000	0.411410
1.602000	0.556247
1.603000	0.810358
1.604000	1.145892
1.605000	1.460800
1.606000	1.617057
1.607000	1.538155
1.608000	1.270069
1.609000	0.933816
1.610000	0.630160
1.611000	0.397215
1.612000	0.231404
1.613000	0.117732
1.614000	0.038936
1.615000	-0.026390
1.616000	-0.100656
1.617000	-0.197503
1.618000	-0.313864
1.619000	-0.431789
1.620000	-0.529742
1.621000	-0.594489
1.622000	-0.624762
1.623000	-0.627115
1.624000	-0.610691
1.625000	-0.585045
1.626000	-0.560474
1.627000	-0.547347
1.628000	-0.551223
1.629000	-0.568128
1.630000	-0.588064
1.631000	-0.603244
1.632000	-0.610052
1.633000	-0.605465
1.634000	-0.587212
1.635000	-0.557281
1.636000	-0.521514
1.637000	-0.485716
1.638000	-0.452976
1.639000	-0.420992
1.640000	-0.376440
1.641000	-0.290457
1.642000	-0.124896
1.643000	0.144132
1.644000	0.489816
1.645000	0.811844
1.646000	0.972309
1.647000	0.891272
1.648000	0.612661
1.649000	0.264219
1.650000	-0.037189
1.651000	-0.237740
1.652000	-0.338999
1.653000	-0.370077
1.654000	-0.364291
1.655000	-0.343631
1.656000	-0.314422
1.657000	-0.276718
1.658000	-0.237037
1.659000	-0.208075
1.660000	-0.195679
1.661000	-0.191361
1.662000	-0.180422
1.663000	-0.154877
1.664000	-0.116670
1.665000	-0.071460
1.666000	-0.024279
1.667000	0.018503
1.668000	0.049215
1.669000	0.066991
1.670000	0.085686
1.671000	0.130606
1.672000	0.227161
1.673000	0.391654
1.674000	0.622814
1.675000	0.885741
1.676000	1.100842
1.677000	1.172828
1.678000	1.059852
1.679000	0.813303
1.680000	0.535801
1.681000	0.306031
1.682000	0.147035
1.683000	0.044050
1.684000	-0.027133
1.685000	-0.083075
1.686000	-0.127683
1.687000	-0.157522
1.688000	-0.171657
1.689000	-0.175194
1.690000	-0.173818
1.691000	-0.169279
1.692000	-0.163487
1.693000	-0.163466
1.694000	-0.176659
1.695000	-0.202114
1.696000	-0.230003
1.697000	-0.249596
1.698000	-0.256583
1.699000	-0.255203
1.700000	-0.255990
1.701000	-0.269443
1.702000	-0.297631
1.703000	-0.330641
1.704000	-0.352843
1.705000	-0.353752
1.706000	-0.333163
1.707000	-0.298758
1.708000	-0.261560
1.709000	-0.230715
1.710000	-0.206359
1.711000	-0.172254
1.712000	-0.094263
1.713000	0.064463
1.714000	0.307003
1.715000	0.567901
1.716000	0.728130
1.717000	0.696842
1.718000	0.490610
1.719000	0.219924
1.720000	-0.001107
1.721000	-0.124009
1.722000	-0.166027
1.723000	-0.170794
1.724000	-0.172688
1.725000	-0.182847
1.726000	-0.193617
1.727000	-0.191734
1.728000	-0.171197
1.729000	-0.137533
1.730000	-0.101351
1.731000	-0.070671
1.732000	-0.050432
1.733000	-0.044210
1.734000	-0.052717
1.735000	-0.073057
1.736000	-0.100663
1.737000	-0.130081
1.738000	-0.154745
1.739000	-0.168793
1.740000	-0.169615
1.741000	-0.158212
1.742000	-0.137386
1.743000	-0.109508
1.744000	-0.075722
1.745000	-0.037322
1.746000	0.002573
1.747000	0.040541
1.748000	0.079713
1.749000	0.138570
1.750000	0.250680
1.751000	0.444277
1.752000	0.705846
1.753000	0.955400
1.754000	1.072552
1.755000	0.977574
1.756000	0.698843
1.757000	0.352302
1.758000	0.056313
1.759000	-0.132321
1.760000	-0.221840
1.761000	-0.251553
1.762000	-0.257527
1.763000	-0.257802
1.764000	-0.254744
1.765000	-0.243619
1.766000	-0.221676
1.767000	-0.194167
1.768000	-0.171832
1.769000	-0.160676
1.770000	-0.154721
1.771000	-0.141385
1.772000	-0.115139
1.773000	-0.083808
1.774000	-0.059942
1.775000	-0.049230
1.776000	-0.050900
1.777000	-0.066152
1.778000	-0.099196
1.779000	-0.148848
1.780000	-0.203742
1.781000	-0.247837
1.782000	-0.269042
1.783000	-0.263657
1.784000	-0.236537
1.785000	-0.198499
1.786000	-0.161119
1.787000	-0.130338
1.788000	-0.104024
1.789000	-0.077323
1.790000	-0.050035
1.791000	-0.026398
1.792000	-0.008317
1.793000	0.007625
1.794000	0.026023
1.795000	0.048080
1.796000	0.070566
1.797000	0.086743
1.798000	0.089819
1.799000	0.078185
1.800000	0.055908
1.801000	0.027496
1.802000	-0.004696
1.803000	-0.037336
1.804000	-0.062795
1.805000	-0.069525
1.806000	-0.046665
1.807000	0.008361
1.808000	0.084416
1.809000	0.159755
1.810000	0.213540
1.811000	0.238387
1.812000	0.244703
1.813000	0.251560
1.814000	0.269755
1.815000	0.292496
1.816000	0.302599
1.817000	0.288243
1.818000	0.252729
1.819000	0.210666
1.820000	0.174993
1.821000	0.148308
1.822000	0.126864
1.823000	0.109628
1.824000	0.099389
1.825000	0.094557
1.826000	0.083765
1.827000	0.053731
1.828000	0.003784
1.829000	-0.049648
1.830000	-0.083907
1.831000	-0.086156
1.832000	-0.062822
1.833000	-0.035958
1.834000	-0.027069
1.835000	-0.041411
1.836000	-0.068848
1.837000	-0.098099
1.838000	-0.126291
1.839000	-0.157163
1.840000	-0.194460
1.841000	-0.235284
1.842000	-0.267100
1.843000	-0.273422
1.844000	-0.244985
1.845000	-0.185666
1.846000	-0.109448
1.847000	-0.034792
1.848000	0.019275
1.849000	0.037778
1.850000	0.016586
1.851000	-0.032333
1.852000	-0.082872
1.853000	-0.106905
1.854000	-0.091254
1.855000	-0.045995
1.856000	0.003681
1.857000	0.033399
1.858000	0.030053
1.859000	-0.005673
1.860000	-0.060957
1.861000	-0.116654
1.862000	-0.156640
1.863000	-0.173055
1.864000	-0.163277
1.865000	-0.127484
1.866000	-0.072933
1.867000	-0.015850
1.868000	0.026478
1.869000	0.046483
1.870000	0.050193
1.871000	0.051199
1.872000	0.058500
1.873000	0.068203
1.874000	0.067385
1.875000	0.046505
1.876000	0.008758
1.877000	-0.031051
1.878000	-0.055496
1.879000	-0.053393
1.880000	-0.023377
1.881000	0.028290
1.882000	0.092666
1.883000	0.160083
1.884000	0.218225
1.885000	0.253540
1.886000	0.258894
1.887000	0.238873
1.888000	0.205049
1.889000	0.166378
1.890000	0.126303
1.891000	0.088804
1.892000	0.062430
1.893000	0.053512
1.894000	0.056280
1.895000	0.053637
1.896000	0.028592
1.897000	-0.024646
1.898000	-0.096391
1.899000	-0.164372
1.900000	-0.203542
1.901000	-0.198903
1.902000	-0.152545
1.903000	-0.080594
1.904000	-0.005095
1.905000	0.053751
1.906000	0.083636
1.907000	0.082704
1.908000	0.058359
1.909000	0.024592
1.910000	-0.002561
1.911000	-0.012126
1.912000	-0.003842
1.913000	0.012220
1.914000	0.022358
1.915000	0.018313
1.916000	0.002565
1.917000	-0.014827
1.918000	-0.025123
1.919000	-0.025878
1.920000	-0.017681
1.921000	-0.000712
1.922000	0.022164
1.923000	0.042719
1.924000	0.052682
1.925000	0.050779
1.926000	0.042298
1.927000	0.033301
1.928000	0.026728
1.929000	0.022985
1.930000	0.023495
1.931000	0.032918
1.932000	0.055889
1.933000	0.090729
1.934000	0.127118
1.935000	0.149834
1.936000	0.144757
1.937000	0.104594
1.938000	0.032828
1.939000	-0.057203
1.940000	-0.147397
1.941000	-0.219530
1.942000	-0.258449
1.943000	-0.255506
1.944000	-0.211744
1.945000	-0.138822
1.946000	-0.055681
1.947000	0.018758
1.948000	0.071486
1.949000	0.095294
1.950000	0.087219
1.951000	0.051203
1.952000	0.000579
1.953000	-0.045737
1.954000	-0.071408
1.955000	-0.069135
1.956000	-0.042094
1.957000	-0.002529
1.958000	0.029539
1.959000	0.031387
1.960000	-0.009563
1.961000	-0.083733
1.962000	-0.162334
1.963000	-0.215592
1.964000	-0.229691
1.965000	-0.208105
1.966000	-0.162399
1.967000	-0.105633
1.968000	-0.049544
1.969000	-0.001002
1.970000	0.038930
1.971000	0.069779
1.972000	0.086315
1.973000	0.081543
1.974000	0.056619
1.975000	0.026219
1.976000	0.011073
1.977000	0.023388
1.978000	0.058727
1.979000	0.099717
1.980000	0.125801
1.981000	0.123133
1.982000	0.091983
1.983000	0.047263
1.984000	0.009494
1.985000	-0.007841
1.986000	-0.004605
1.987000	0.010199
1.988000	0.027899
1.989000	0.045879
1.990000	0.065751
1.991000	0.087751
1.992000	0.107578
1.993000	0.118347
1.994000	0.115158
1.995000	0.097638
1.996000	0.068684
1.997000	0.032474
1.998000	-0.005324
1.999000	-0.037223
2.000000	-0.056965
2.001000	-0.064871
2.002000	-0.069539
2.003000	-0.081408
2.004000	-0.103066
2.005000	-0.126608
2.006000	-0.140772
2.007000	-0.140417
2.008000	-0.129367
2.009000	-0.115039
2.010000	-0.101294
2.011000	-0.085745
2.012000	-0.062127
2.013000	-0.025474
2.014000	0.022305
2.015000	0.069684
2.016000	0.099609
2.017000	0.100058
2.018000	0.073201
2.019000	0.035295
2.020000	0.007903
2.021000	0.006390
2.022000	0.031947
2.023000	0.072751
2.024000	0.114257
2.025000	0.148601
2.026000	0.173605
2.027000	0.186594
2.028000	0.184911
2.029000	0.171734
2.030000	0.155445
2.031000	0.141433
2.032000	0.127579
2.033000	0.108430
2.034000	0.081392
2.035000	0.048456
2.036000	0.014192
2.037000	-0.015980
2.038000	-0.036171
2.039000	-0.041759
2.040000	-0.033389
2.041000	-0.019384
2.042000	-0.013523
2.043000	-0.028678
2.044000	-0.068812
2.045000	-0.124925
2.046000	-0.179643
2.047000	-0.216643
2.048000	-0.227393
2.049000	-0.212571
2.050000	-0.179377
2.051000	-0.137494
2.052000	-0.095949
2.053000	-0.059909
2.054000	-0.028275
2.055000	0.003038
2.056000	0.033008
2.057000	0.051224
2.058000	0.043382
2.059000	0.002976
2.060000	-0.061086
2.061000	-0.127798
2.062000	-0.175084
2.063000	-0.190587
2.064000	-0.176491
2.065000	-0.145691
2.066000	-0.111810
2.067000	-0.081337
2.068000	-0.053122
2.069000	-0.023000
2.070000	0.010166
2.071000	0.040375
2.072000	0.056462
2.073000	0.050981
2.074000	0.028395
2.075000	0.003321
2.076000	-0.009065
2.077000	-0.000984
2.078000	0.024932
2.079000	0.055930
2.080000	0.073780
2.081000	0.064856
2.082000	0.030236
2.083000	-0.013082
2.084000	-0.042166
2.085000	-0.040816
2.086000	-0.005334
2.087000	0.056396
2.088000	0.127903
2.089000	0.189133
2.090000	0.223424
2.091000	0.222557
2.092000	0.187668
2.093000	0.127828
2.094000	0.057882
2.095000	-0.005297
2.096000	-0.047840
2.097000	-0.061773
2.098000	-0.044764
2.099000	-0.000150
2.100000	0.062270
2.101000	0.128592
2.102000	0.186675
2.103000	0.229962
2.104000	0.255949
2.105000	0.262963
2.106000	0.249724
2.107000	0.217261
2.108000	0.170340
2.109000	0.117212
2.110000	0.068288
2.111000	0.033693
2.112000	0.018401
2.113000	0.017054
2.114000	0.015466
2.115000	0.000837
2.116000	-0.029499
2.117000	-0.070468
2.118000	-0.117428
2.119000	-0.168039
2.120000	-0.216807
2.121000	-0.252370
2.122000	-0.264154
2.123000	-0.252459
2.124000	-0.230166
2.125000	-0.214042
2.126000	-0.209478
