0.000000	0.000000
0.001000	-0.000001
0.002000	-0.000001
0.003000	-0.000002
0.004000	-0.000003
0.005000	-0.000005
0.006000	-0.000008
0.007000	-0.000013
0.008000	-0.000020
0.009000	-0.000032
0.010000	-0.000051
0.011000	-0.000080
0.012000	-0.000124
0.013000	-0.000192
0.014000	-0.000296
0.015000	-0.000451
0.016000	-0.000683
0.017000	-0.001025
0.018000	-0.001524
0.019000	-0.002240
0.020000	-0.003250
0.021000	-0.004641
0.022000	-0.006496
0.023000	-0.008856
0.024000	-0.011638
0.025000	-0.014478
0.026000	-0.016460
0.027000	-0.015705
0.028000	-0.008930
0.029000	0.008614
0.030000	0.041806
0.031000	0.091753
0.032000	0.150020
0.033000	0.196524
0.034000	0.208487
0.035000	0.177247
0.036000	0.115938
0.037000	0.048668
0.038000	-0.006168
0.039000	-0.042624
0.040000	-0.063523
0.041000	-0.074456
0.042000	-0.080229
0.043000	-0.083846
0.044000	-0.086672
0.045000	-0.088746
0.046000	-0.088872
0.047000	-0.084432
0.048000	-0.071197
0.049000	-0.043887
0.050000	0.001060
0.051000	0.059896
0.052000	0.116657
0.053000	0.147065
0.054000	0.134197
0.055000	0.082710
0.056000	0.015187
0.057000	-0.045122
0.058000	-0.086608
0.059000	-0.109148
0.060000	-0.118016
0.061000	-0.118950
0.062000	-0.116131
0.063000	-0.112008
0.064000	-0.107730
0.065000	-0.103596
0.066000	-0.099412
0.067000	-0.094828
0.068000	-0.089680
0.069000	-0.084181
0.070000	-0.078882
0.071000	-0.074402
0.072000	-0.071109
0.073000	-0.068886
0.074000	-0.067016
0.075000	-0.064139
0.076000	-0.058091
0.077000	-0.045546
0.078000	-0.021817
0.079000	0.018162
0.080000	0.076356
0.081000	0.145822
0.082000	0.207211
0.083000	0.235610
0.084000	0.217652
0.085000	0.162965
0.086000	0.096302
0.087000	0.039515
0.088000	0.001669
0.089000	-0.018819
0.090000	-0.027808
0.091000	-0.030860
0.092000	-0.031289
0.093000	-0.029662
0.094000	-0.023840
0.095000	-0.009429
0.096000	0.018731
0.097000	0.062992
0.098000	0.117717
0.099000	0.167330
0.100000	0.194498
0.101000	0.195519
0.102000	0.185732
0.103000	0.184331
0.104000	0.193013
0.105000	0.192441
0.106000	0.161472
0.107000	0.098463
0.108000	0.021961
0.109000	-0.046212
0.110000	-0.094793
0.111000	-0.124041
0.112000	-0.139789
0.113000	-0.148161
0.114000	-0.153347
0.115000	-0.157530
0.116000	-0.161459
0.117000	-0.164643
0.118000	-0.165135
0.119000	-0.159321
0.120000	-0.142065
0.121000	-0.107790
0.122000	-0.053757
0.123000	0.014029
0.124000	0.076478
0.125000	0.107369
0.126000	0.091009
0.127000	0.035703
0.128000	-0.033016
0.129000	-0.091489
0.130000	-0.129330
0.131000	-0.147533
0.132000	-0.151746
0.133000	-0.147719
0.134000	-0.139706
0.135000	-0.130277
0.136000	-0.120645
0.137000	-0.111172
0.138000	-0.101859
0.139000	-0.092709
0.140000	-0.083922
0.141000	-0.075830
0.142000	-0.068601
0.143000	-0.061944
0.144000	-0.055043
0.145000	-0.046462
0.146000	-0.033731
0.147000	-0.012823
0.148000	0.021704
0.149000	0.074680
0.150000	0.145271
0.151000	0.220678
0.152000	0.276061
0.153000	0.287727
0.154000	0.251559
0.155000	0.186754
0.156000	0.120275
0.157000	0.069829
0.158000	0.039583
0.159000	0.025391
0.160000	0.020830
0.161000	0.020352
0.162000	0.020176
0.163000	0.018336
0.164000	0.014502
0.165000	0.009603
0.166000	0.005443
0.167000	0.004776
0.168000	0.011766
0.169000	0.031852
0.170000	0.069477
0.171000	0.123032
0.172000	0.180061
0.173000	0.220303
0.174000	0.230243
0.175000	0.216870
0.176000	0.202117
0.177000	0.200137
0.178000	0.201602
0.179000	0.182603
0.180000	0.129047
0.181000	0.050190
0.182000	-0.031166
0.183000	-0.096764
0.184000	-0.140729
0.185000	-0.166167
0.186000	-0.179148
0.187000	-0.185083
0.188000	-0.187580
0.189000	-0.188569
0.190000	-0.188916
0.191000	-0.189087
0.192000	-0.189549
0.193000	-0.190715
0.194000	-0.192584
0.195000	-0.194517
0.196000	-0.195402
0.197000	-0.193950
0.198000	-0.188481
0.199000	-0.176026
0.200000	-0.151595
0.201000	-0.109275
0.202000	-0.046616
0.203000	0.028496
0.204000	0.094379
0.205000	0.124204
0.206000	0.105000
0.207000	0.048643
0.208000	-0.018165
0.209000	-0.073012
0.210000	-0.107032
0.211000	-0.121690
0.212000	-0.121617
0.213000	-0.109559
0.214000	-0.084642
0.215000	-0.043776
0.216000	0.013920
0.217000	0.081424
0.218000	0.142719
0.219000	0.182534
0.220000	0.201191
0.221000	0.216298
0.222000	0.244865
0.223000	0.285201
0.224000	0.319394
0.225000	0.330194
0.226000	0.309919
0.227000	0.257301
0.228000	0.177289
0.229000	0.084850
0.230000	0.000264
0.231000	-0.062262
0.232000	-0.099965
0.233000	-0.118075
0.234000	-0.124058
0.235000	-0.124226
0.236000	-0.122823
0.237000	-0.122129
0.238000	-0.122877
0.239000	-0.124911
0.240000	-0.127827
0.241000	-0.131076
0.242000	-0.133505
0.243000	-0.132794
0.244000	-0.125195
0.245000	-0.105670
0.246000	-0.068992
0.247000	-0.013003
0.248000	0.055659
0.249000	0.117632
0.250000	0.147241
0.251000	0.130020
0.252000	0.075156
0.253000	0.007899
0.254000	-0.049172
0.255000	-0.086694
0.256000	-0.106235
0.257000	-0.113471
0.258000	-0.113636
0.259000	-0.110286
0.260000	-0.105751
0.261000	-0.101638
0.262000	-0.098546
0.263000	-0.095116
0.264000	-0.087000
0.265000	-0.066438
0.266000	-0.023235
0.267000	0.051349
0.268000	0.156572
0.269000	0.273122
0.270000	0.363212
0.271000	0.388533
0.272000	0.337027
0.273000	0.234102
0.274000	0.126337
0.275000	0.053717
0.276000	0.032994
0.277000	0.056207
0.278000	0.096503
0.279000	0.119906
0.280000	0.103933
0.281000	0.051119
0.282000	-0.016832
0.283000	-0.077640
0.284000	-0.120578
0.285000	-0.145745
0.286000	-0.158045
0.287000	-0.162833
0.288000	-0.164284
0.289000	-0.165045
0.290000	-0.166240
0.291000	-0.167795
0.292000	-0.168937
0.293000	-0.168436
0.294000	-0.164482
0.295000	-0.154364
0.296000	-0.134098
0.297000	-0.098701
0.298000	-0.044843
0.299000	0.023264
0.300000	0.088703
0.301000	0.126286
0.302000	0.119203
0.303000	0.073275
0.304000	0.012134
0.305000	-0.040912
0.306000	-0.075011
0.307000	-0.091039
0.308000	-0.095127
0.309000	-0.093425
0.310000	-0.089660
0.311000	-0.084573
0.312000	-0.076292
0.313000	-0.061069
0.314000	-0.034123
0.315000	0.008779
0.316000	0.067711
0.317000	0.133600
0.318000	0.187626
0.319000	0.211861
0.320000	0.205732
0.321000	0.189378
0.322000	0.185818
0.323000	0.199341
0.324000	0.213146
0.325000	0.209085
0.326000	0.188310
0.327000	0.169477
0.328000	0.166817
0.329000	0.172926
0.330000	0.164531
0.331000	0.124959
0.332000	0.059365
0.333000	-0.011983
0.334000	-0.070981
0.335000	-0.110857
0.336000	-0.133978
0.337000	-0.146008
0.338000	-0.151986
0.339000	-0.155009
0.340000	-0.156445
0.341000	-0.156802
0.342000	-0.156506
0.343000	-0.156119
0.344000	-0.156118
0.345000	-0.156664
0.346000	-0.157456
0.347000	-0.157708
0.348000	-0.156339
0.349000	-0.151977
0.350000	-0.142171
0.351000	-0.122188
0.352000	-0.085174
0.353000	-0.025653
0.354000	0.054025
0.355000	0.139392
0.356000	0.208755
0.357000	0.245436
0.358000	0.244114
0.359000	0.206894
0.360000	0.141439
0.361000	0.064845
0.362000	0.001223
0.363000	-0.029341
0.364000	-0.020174
0.365000	0.018653
0.366000	0.062176
0.367000	0.080910
0.368000	0.059095
0.369000	0.006038
0.370000	-0.051913
0.371000	-0.089360
0.372000	-0.092677
0.373000	-0.061198
0.374000	-0.006494
0.375000	0.048869
0.376000	0.080294
0.377000	0.078212
0.378000	0.057124
0.379000	0.043165
0.380000	0.050601
0.381000	0.069372
0.382000	0.074186
0.383000	0.047092
0.384000	-0.007496
0.385000	-0.069204
0.386000	-0.119305
0.387000	-0.150534
0.388000	-0.164884
0.389000	-0.167475
0.390000	-0.162919
0.391000	-0.154666
0.392000	-0.145289
0.393000	-0.136501
0.394000	-0.129106
0.395000	-0.123262
0.396000	-0.118818
0.397000	-0.115329
0.398000	-0.111824
0.399000	-0.106689
0.400000	-0.097688
0.401000	-0.081672
0.402000	-0.054126
0.403000	-0.010139
0.404000	0.051393
0.405000	0.121351
0.406000	0.178287
0.407000	0.198353
0.408000	0.173140
0.409000	0.117263
0.410000	0.056498
0.411000	0.010390
0.412000	-0.014049
0.413000	-0.017569
0.414000	-0.001999
0.415000	0.032354
0.416000	0.084153
0.417000	0.145364
0.418000	0.198529
0.419000	0.224520
0.420000	0.218419
0.421000	0.196540
0.422000	0.183205
0.423000	0.189381
0.424000	0.204712
0.425000	0.210511
0.426000	0.200327
0.427000	0.185173
0.428000	0.176910
0.429000	0.170431
0.430000	0.147112
0.431000	0.095369
0.432000	0.023205
0.433000	-0.050067
0.434000	-0.109366
0.435000	-0.150125
0.436000	-0.175108
0.437000	-0.189431
0.438000	-0.197648
0.439000	-0.202735
0.440000	-0.206120
0.441000	-0.208180
0.442000	-0.208858
0.443000	-0.208131
0.444000	-0.206082
0.445000	-0.202542
0.446000	-0.196684
0.447000	-0.186559
0.448000	-0.168438
0.449000	-0.136790
0.450000	-0.086980
0.451000	-0.021604
0.452000	0.043597
0.453000	0.083383
0.454000	0.079434
0.455000	0.035538
0.456000	-0.025772
0.457000	-0.080860
0.458000	-0.117698
0.459000	-0.135536
0.460000	-0.138017
0.461000	-0.127420
0.462000	-0.102629
0.463000	-0.060603
0.464000	-0.000931
0.465000	0.068092
0.466000	0.127134
0.467000	0.153905
0.468000	0.138888
0.469000	0.093158
0.470000	0.039196
0.471000	-0.004044
0.472000	-0.027253
0.473000	-0.027725
0.474000	-0.004662
0.475000	0.042071
0.476000	0.108316
0.477000	0.179663
0.478000	0.231312
0.479000	0.240627
0.480000	0.204366
0.481000	0.141653
0.482000	0.078606
0.483000	0.031766
0.484000	0.004055
0.485000	-0.009638
0.486000	-0.015834
0.487000	-0.018988
0.488000	-0.021080
0.489000	-0.022703
0.490000	-0.024265
0.491000	-0.026643
0.492000	-0.031005
0.493000	-0.037836
0.494000	-0.045763
0.495000	-0.050970
0.496000	-0.047414
0.497000	-0.027245
0.498000	0.018588
0.499000	0.097383
0.500000	0.206462
0.501000	0.322422
0.502000	0.401270
0.503000	0.401826
0.504000	0.318127
0.505000	0.185591
0.506000	0.052747
0.507000	-0.049480
0.508000	-0.114874
0.509000	-0.151352
0.510000	-0.169479
0.511000	-0.177261
0.512000	-0.179600
0.513000	-0.179161
0.514000	-0.177194
0.515000	-0.174306
0.516000	-0.171236
0.517000	-0.169091
0.518000	-0.168684
0.519000	-0.169688
0.520000	-0.170628
0.521000	-0.169829
0.522000	-0.166227
0.523000	-0.158926
0.524000	-0.145723
0.525000	-0.122165
0.526000	-0.082637
0.527000	-0.024176
0.528000	0.047522
0.529000	0.113961
0.530000	0.149433
0.531000	0.137946
0.532000	0.086729
0.533000	0.020438
0.534000	-0.037235
0.535000	-0.075226
0.536000	-0.093750
0.537000	-0.097356
0.538000	-0.089412
0.539000	-0.069941
0.540000	-0.036274
0.541000	0.013825
0.542000	0.076659
0.543000	0.137714
0.544000	0.174561
0.545000	0.170787
0.546000	0.129853
0.547000	0.073169
0.548000	0.024790
0.549000	-0.000173
0.550000	0.004082
0.551000	0.037714
0.552000	0.094620
0.553000	0.158018
0.554000	0.201447
0.555000	0.202389
0.556000	0.159082
0.557000	0.091610
0.558000	0.025715
0.559000	-0.022678
0.560000	-0.050529
0.561000	-0.062529
0.562000	-0.065477
0.563000	-0.065058
0.564000	-0.064643
0.565000	-0.065336
0.566000	-0.066795
0.567000	-0.068337
0.568000	-0.069712
0.569000	-0.071115
0.570000	-0.072655
0.571000	-0.073868
0.572000	-0.073456
0.573000	-0.069001
0.574000	-0.056538
0.575000	-0.030615
0.576000	0.013561
0.577000	0.074581
0.578000	0.138643
0.579000	0.181102
0.580000	0.181022
0.581000	0.137956
0.582000	0.072234
0.583000	0.008433
0.584000	-0.039368
0.585000	-0.069186
0.586000	-0.084837
0.587000	-0.090626
0.588000	-0.089851
0.589000	-0.085232
0.590000	-0.079166
0.591000	-0.073353
0.592000	-0.068360
0.593000	-0.063789
0.594000	-0.059003
0.595000	-0.053714
0.596000	-0.047956
0.597000	-0.041869
0.598000	-0.035792
0.599000	-0.030473
0.600000	-0.026740
0.601000	-0.024749
0.602000	-0.023732
0.603000	-0.022612
0.604000	-0.020752
0.605000	-0.018052
0.606000	-0.014551
0.607000	-0.010204
0.608000	-0.005133
0.609000	-0.000008
0.610000	0.004109
0.611000	0.006549
0.612000	0.007606
0.613000	0.008191
0.614000	0.009008
0.615000	0.010079
0.616000	0.011062
0.617000	0.012195
0.618000	0.015246
0.619000	0.023836
0.620000	0.042937
0.621000	0.077454
0.622000	0.129002
0.623000	0.190758
0.624000	0.244429
0.625000	0.266756
0.626000	0.245455
0.627000	0.189753
0.628000	0.122812
0.629000	0.064884
0.630000	0.024257
0.631000	-0.000557
0.632000	-0.014871
0.633000	-0.023666
0.634000	-0.029951
0.635000	-0.034850
0.636000	-0.038679
0.637000	-0.042011
0.638000	-0.045935
0.639000	-0.051613
0.640000	-0.059683
0.641000	-0.069909
0.642000	-0.081059
0.643000	-0.090909
0.644000	-0.096319
0.645000	-0.093321
0.646000	-0.077096
0.647000	-0.042341
0.648000	0.014451
0.649000	0.090148
0.650000	0.171074
0.651000	0.236532
0.652000	0.269172
0.653000	0.261073
0.654000	0.211731
0.655000	0.128107
0.656000	0.027808
0.657000	-0.065815
0.658000	-0.135620
0.659000	-0.176842
0.660000	-0.193298
0.661000	-0.190058
0.662000	-0.169012
0.663000	-0.129507
0.664000	-0.073398
0.665000	-0.011452
0.666000	0.035534
0.667000	0.046972
0.668000	0.018162
0.669000	-0.035612
0.670000	-0.091830
0.671000	-0.135477
0.672000	-0.162741
0.673000	-0.176354
0.674000	-0.180590
0.675000	-0.179007
0.676000	-0.174006
0.677000	-0.167074
0.678000	-0.159305
0.679000	-0.151675
0.680000	-0.144558
0.681000	-0.136839
0.682000	-0.125372
0.683000	-0.105056
0.684000	-0.070102
0.685000	-0.017460
0.686000	0.048085
0.687000	0.111691
0.688000	0.155718
0.689000	0.174460
0.690000	0.180424
0.691000	0.190877
0.692000	0.207578
0.693000	0.213139
0.694000	0.189091
0.695000	0.135492
0.696000	0.070790
0.697000	0.015714
0.698000	-0.019334
0.699000	-0.034971
0.700000	-0.037457
0.701000	-0.033798
0.702000	-0.029272
0.703000	-0.026830
0.704000	-0.027403
0.705000	-0.030421
0.706000	-0.034340
0.707000	-0.037096
0.708000	-0.036248
0.709000	-0.028633
0.710000	-0.010024
0.711000	0.023737
0.712000	0.072791
0.713000	0.127800
0.714000	0.169012
0.715000	0.176329
0.716000	0.145623
0.717000	0.094778
0.718000	0.052721
0.719000	0.044277
0.720000	0.082308
0.721000	0.163212
0.722000	0.261138
0.723000	0.330931
0.724000	0.331772
0.725000	0.257206
0.726000	0.138875
0.727000	0.019575
0.728000	-0.073450
0.729000	-0.133685
0.730000	-0.166240
0.731000	-0.178317
0.732000	-0.174370
0.733000	-0.155267
0.734000	-0.120419
0.735000	-0.072540
0.736000	-0.023062
0.737000	0.008078
0.738000	0.003490
0.739000	-0.037510
0.740000	-0.097718
0.741000	-0.155611
0.742000	-0.198273
0.743000	-0.223400
0.744000	-0.234373
0.745000	-0.235747
0.746000	-0.231507
0.747000	-0.224764
0.748000	-0.217488
0.749000	-0.210123
0.750000	-0.201462
0.751000	-0.188800
0.752000	-0.168087
0.753000	-0.133937
0.754000	-0.080224
0.755000	-0.003064
0.756000	0.093585
0.757000	0.194785
0.758000	0.280175
0.759000	0.334854
0.760000	0.354542
0.761000	0.341242
0.762000	0.296888
0.763000	0.224185
0.764000	0.133568
0.765000	0.043882
0.766000	-0.027593
0.767000	-0.074089
0.768000	-0.098703
0.769000	-0.108484
0.770000	-0.110124
0.771000	-0.108686
0.772000	-0.107460
0.773000	-0.107761
0.774000	-0.108885
0.775000	-0.108403
0.776000	-0.102477
0.777000	-0.086292
0.778000	-0.055373
0.779000	-0.008432
0.780000	0.048778
0.781000	0.101747
0.782000	0.133004
0.783000	0.135364
0.784000	0.120152
0.785000	0.108432
0.786000	0.112524
0.787000	0.126806
0.788000	0.136601
0.789000	0.135197
0.790000	0.129458
0.791000	0.127075
0.792000	0.122279
0.793000	0.099656
0.794000	0.052040
0.795000	-0.009619
0.796000	-0.064370
0.797000	-0.094824
0.798000	-0.092887
0.799000	-0.058970
0.800000	-0.002019
0.801000	0.059328
0.802000	0.102348
0.803000	0.114917
0.804000	0.104456
0.805000	0.086850
0.806000	0.067283
0.807000	0.037469
0.808000	-0.009124
0.809000	-0.066033
0.810000	-0.119228
0.811000	-0.158740
0.812000	-0.183184
0.813000	-0.196643
0.814000	-0.203968
0.815000	-0.208296
0.816000	-0.210951
0.817000	-0.212290
0.818000	-0.212134
0.819000	-0.209396
0.820000	-0.201363
0.821000	-0.183308
0.822000	-0.149137
0.823000	-0.093904
0.824000	-0.018187
0.825000	0.068378
0.826000	0.149415
0.827000	0.210213
0.828000	0.243850
0.829000	0.250359
0.830000	0.234995
0.831000	0.206461
0.832000	0.169968
0.833000	0.123093
0.834000	0.063814
0.835000	-0.000382
0.836000	-0.056136
0.837000	-0.094448
0.838000	-0.114655
0.839000	-0.121031
0.840000	-0.118599
0.841000	-0.111680
0.842000	-0.103737
0.843000	-0.096822
0.844000	-0.091195
0.845000	-0.085789
0.846000	-0.078641
0.847000	-0.066433
0.848000	-0.043896
0.849000	-0.004713
0.850000	0.054931
0.851000	0.130774
0.852000	0.206952
0.853000	0.260147
0.854000	0.270835
0.855000	0.233177
0.856000	0.157870
0.857000	0.068198
0.858000	-0.009339
0.859000	-0.054978
0.860000	-0.059992
0.861000	-0.026072
0.862000	0.035519
0.863000	0.105963
0.864000	0.166126
0.865000	0.204597
0.866000	0.216748
0.867000	0.199150
0.868000	0.153300
0.869000	0.093920
0.870000	0.044198
0.871000	0.018773
0.872000	0.012301
0.873000	0.004637
0.874000	-0.021771
0.875000	-0.067944
0.876000	-0.120508
0.877000	-0.164786
0.878000	-0.194135
0.879000	-0.209947
0.880000	-0.217057
0.881000	-0.219759
0.882000	-0.220144
0.883000	-0.218448
0.884000	-0.214249
0.885000	-0.207331
0.886000	-0.197917
0.887000	-0.186390
0.888000	-0.172336
0.889000	-0.153247
0.890000	-0.124396
0.891000	-0.081207
0.892000	-0.023895
0.893000	0.037695
0.894000	0.083919
0.895000	0.095023
0.896000	0.066333
0.897000	0.013477
0.898000	-0.039010
0.899000	-0.072743
0.900000	-0.080520
0.901000	-0.062444
0.902000	-0.021515
0.903000	0.036669
0.904000	0.101806
0.905000	0.160470
0.906000	0.204136
0.907000	0.234656
0.908000	0.256224
0.909000	0.262358
0.910000	0.238885
0.911000	0.182629
0.912000	0.111112
0.913000	0.051200
0.914000	0.021920
0.915000	0.027076
0.916000	0.056317
0.917000	0.089101
0.918000	0.102920
0.919000	0.086011
0.920000	0.044778
0.921000	-0.002718
0.922000	-0.040012
0.923000	-0.058954
0.924000	-0.057901
0.925000	-0.038591
0.926000	-0.006553
0.927000	0.026974
0.928000	0.047883
0.929000	0.049224
0.930000	0.039543
0.931000	0.037651
0.932000	0.056570
0.933000	0.092623
0.934000	0.129164
0.935000	0.148182
0.936000	0.137649
0.937000	0.094239
0.938000	0.027558
0.939000	-0.039672
0.940000	-0.083349
0.941000	-0.093747
0.942000	-0.081729
0.943000	-0.070868
0.944000	-0.080490
0.945000	-0.112558
0.946000	-0.153886
0.947000	-0.189422
0.948000	-0.212093
0.949000	-0.222834
0.950000	-0.225579
0.951000	-0.223417
0.952000	-0.217857
0.953000	-0.209786
0.954000	-0.200330
0.955000	-0.190888
0.956000	-0.182559
0.957000	-0.175491
0.958000	-0.168741
0.959000	-0.160899
0.960000	-0.150731
0.961000	-0.136805
0.962000	-0.116440
0.963000	-0.085552
0.964000	-0.040434
0.965000	0.018379
0.966000	0.081787
0.967000	0.132643
0.968000	0.156387
0.969000	0.155929
0.970000	0.154436
0.971000	0.179678
0.972000	0.242474
0.973000	0.325273
0.974000	0.389045
0.975000	0.397046
0.976000	0.339956
0.977000	0.240587
0.978000	0.134783
0.979000	0.049018
0.980000	-0.007324
0.981000	-0.037068
0.982000	-0.048071
0.983000	-0.048552
0.984000	-0.044818
0.985000	-0.040632
0.986000	-0.037592
0.987000	-0.035960
0.988000	-0.035627
0.989000	-0.036902
0.990000	-0.040452
0.991000	-0.046277
0.992000	-0.052626
0.993000	-0.055770
0.994000	-0.050766
0.995000	-0.032997
0.996000	-0.000392
0.997000	0.043924
0.998000	0.090308
0.999000	0.126201
1.000000	0.144064
1.001000	0.144567
1.002000	0.130187
1.003000	0.100180
1.004000	0.056740
1.005000	0.012536
1.006000	-0.014007
1.007000	-0.011899
1.008000	0.013407
1.009000	0.041862
1.010000	0.052219
1.011000	0.040132
1.012000	0.024801
1.013000	0.034879
1.014000	0.084339
1.015000	0.156776
1.016000	0.210517
1.017000	0.205706
1.018000	0.134270
1.019000	0.023867
1.020000	-0.086687
1.021000	-0.172482
1.022000	-0.227944
1.023000	-0.258342
1.024000	-0.270990
1.025000	-0.271765
1.026000	-0.265210
1.027000	-0.255293
1.028000	-0.245356
1.029000	-0.237239
1.030000	-0.230540
1.031000	-0.223065
1.032000	-0.212233
1.033000	-0.196053
1.034000	-0.172808
1.035000	-0.140290
1.036000	-0.096793
1.037000	-0.044930
1.038000	0.005237
1.039000	0.040282
1.040000	0.054608
1.041000	0.056370
1.042000	0.058196
1.043000	0.062788
1.044000	0.061980
1.045000	0.050346
1.046000	0.035637
1.047000	0.033884
1.048000	0.056010
1.049000	0.098196
1.050000	0.141475
1.051000	0.162101
1.052000	0.148179
1.053000	0.108030
1.054000	0.061363
1.055000	0.024020
1.056000	0.001352
1.057000	-0.008705
1.058000	-0.010620
1.059000	-0.008782
1.060000	-0.006737
1.061000	-0.006548
1.062000	-0.008368
1.063000	-0.010872
1.064000	-0.012306
1.065000	-0.011250
1.066000	-0.006308
1.067000	0.005407
1.068000	0.029844
1.069000	0.075110
1.070000	0.145921
1.071000	0.235026
1.072000	0.319426
1.073000	0.370136
1.074000	0.371070
1.075000	0.327642
1.076000	0.256103
1.077000	0.170404
1.078000	0.082153
1.079000	0.005799
1.080000	-0.042637
1.081000	-0.051034
1.082000	-0.015707
1.083000	0.054521
1.084000	0.135884
1.085000	0.195223
1.086000	0.205208
1.087000	0.158593
1.088000	0.070067
1.089000	-0.033627
1.090000	-0.127218
1.091000	-0.196380
1.092000	-0.239036
1.093000	-0.260587
1.094000	-0.268500
1.095000	-0.269339
1.096000	-0.267950
1.097000	-0.267291
1.098000	-0.268293
1.099000	-0.270250
1.100000	-0.271772
1.101000	-0.271571
1.102000	-0.268671
1.103000	-0.262265
1.104000	-0.251470
1.105000	-0.235027
1.106000	-0.210952
1.107000	-0.176379
1.108000	-0.128180
1.109000	-0.065329
1.110000	0.007644
1.111000	0.080257
1.112000	0.141653
1.113000	0.186587
1.114000	0.214223
1.115000	0.222410
1.116000	0.206016
1.117000	0.162565
1.118000	0.099580
1.119000	0.033657
1.120000	-0.019488
1.121000	-0.053113
1.122000	-0.068893
1.123000	-0.071746
1.124000	-0.065978
1.125000	-0.054442
1.126000	-0.039286
1.127000	-0.022679
1.128000	-0.006968
1.129000	0.005786
1.130000	0.014670
1.131000	0.020266
1.132000	0.023837
1.133000	0.026079
1.134000	0.026681
1.135000	0.025090
1.136000	0.021795
1.137000	0.019064
1.138000	0.020850
1.139000	0.032205
1.140000	0.058224
1.141000	0.102028
1.142000	0.162042
1.143000	0.230870
1.144000	0.297728
1.145000	0.351875
1.146000	0.383347
1.147000	0.383970
1.148000	0.352735
1.149000	0.299501
1.150000	0.238375
1.151000	0.176373
1.152000	0.112278
1.153000	0.046288
1.154000	-0.014789
1.155000	-0.063074
1.156000	-0.096148
1.157000	-0.116881
1.158000	-0.129495
1.159000	-0.137151
1.160000	-0.142012
1.161000	-0.145932
1.162000	-0.150517
1.163000	-0.156678
1.164000	-0.164023
1.165000	-0.170760
1.166000	-0.174713
1.167000	-0.174785
1.168000	-0.171620
1.169000	-0.167280
1.170000	-0.164245
1.171000	-0.163900
1.172000	-0.165497
1.173000	-0.166744
1.174000	-0.165383
1.175000	-0.159998
1.176000	-0.149186
1.177000	-0.130009
1.178000	-0.097706
1.179000	-0.048524
1.180000	0.014788
1.181000	0.079623
1.182000	0.128440
1.183000	0.150635
1.184000	0.150668
1.185000	0.143360
1.186000	0.139261
1.187000	0.134089
1.188000	0.114357
1.189000	0.073674
1.190000	0.020778
1.191000	-0.028370
1.192000	-0.062542
1.193000	-0.079385
1.194000	-0.082326
1.195000	-0.076258
1.196000	-0.065213
1.197000	-0.051919
1.198000	-0.038254
1.199000	-0.026007
1.200000	-0.017235
1.201000	-0.013577
1.202000	-0.015056
1.203000	-0.019482
1.204000	-0.022816
1.205000	-0.020152
1.206000	-0.007142
1.207000	0.017915
1.208000	0.051322
1.209000	0.082544
1.210000	0.098029
1.211000	0.090535
1.212000	0.066240
1.213000	0.042153
1.214000	0.037201
1.215000	0.065231
1.216000	0.131205
1.217000	0.226993
1.218000	0.328283
1.219000	0.400264
1.220000	0.414084
1.221000	0.362632
1.222000	0.263061
1.223000	0.145765
1.224000	0.038559
1.225000	-0.043593
1.226000	-0.098519
1.227000	-0.130902
1.228000	-0.147165
1.229000	-0.153354
1.230000	-0.154615
1.231000	-0.154758
1.232000	-0.155658
1.233000	-0.157328
1.234000	-0.158960
1.235000	-0.160064
1.236000	-0.160916
1.237000	-0.162431
1.238000	-0.165822
1.239000	-0.171919
1.240000	-0.180190
1.241000	-0.188171
1.242000	-0.192033
1.243000	-0.187633
1.244000	-0.170645
1.245000	-0.135701
1.246000	-0.076626
1.247000	0.009356
1.248000	0.113600
1.249000	0.211319
1.250000	0.269972
1.251000	0.268655
1.252000	0.211324
1.253000	0.122380
1.254000	0.031417
1.255000	-0.040571
1.256000	-0.086737
1.257000	-0.111001
1.258000	-0.120757
1.259000	-0.121781
1.260000	-0.117167
1.261000	-0.108420
1.262000	-0.096642
1.263000	-0.082990
1.264000	-0.068524
1.265000	-0.053933
1.266000	-0.039614
1.267000	-0.026111
1.268000	-0.014363
1.269000	-0.005297
1.270000	0.000794
1.271000	0.004433
1.272000	0.006807
1.273000	0.009440
1.274000	0.013425
1.275000	0.018455
1.276000	0.022877
1.277000	0.025120
1.278000	0.025222
1.279000	0.025046
1.280000	0.027342
1.281000	0.035208
1.282000	0.052830
1.283000	0.086057
1.284000	0.140127
1.285000	0.213450
1.286000	0.290945
1.287000	0.345366
1.288000	0.351561
1.289000	0.304221
1.290000	0.221951
1.291000	0.133677
1.292000	0.061267
1.293000	0.012388
1.294000	-0.015952
1.295000	-0.030858
1.296000	-0.039013
1.297000	-0.044494
1.298000	-0.048467
1.299000	-0.050635
1.300000	-0.051234
1.301000	-0.051779
1.302000	-0.054190
1.303000	-0.059382
1.304000	-0.066748
1.305000	-0.075054
1.306000	-0.083536
1.307000	-0.091750
1.308000	-0.098742
1.309000	-0.103116
1.310000	-0.104000
1.311000	-0.101594
1.312000	-0.096554
1.313000	-0.088740
1.314000	-0.076478
1.315000	-0.057410
1.316000	-0.031176
1.317000	-0.002025
1.318000	0.022648
1.319000	0.038832
1.320000	0.050521
1.321000	0.065222
1.322000	0.085074
1.323000	0.104230
1.324000	0.113323
1.325000	0.104308
1.326000	0.074301
1.327000	0.028953
1.328000	-0.019613
1.329000	-0.060682
1.330000	-0.090205
1.331000	-0.109353
1.332000	-0.120828
1.333000	-0.126895
1.334000	-0.128815
1.335000	-0.126764
1.336000	-0.120607
1.337000	-0.111076
1.338000	-0.099874
1.339000	-0.088475
1.340000	-0.077296
1.341000	-0.066288
1.342000	-0.055947
1.343000	-0.047319
1.344000	-0.041141
1.345000	-0.037340
1.346000	-0.035292
1.347000	-0.034141
1.348000	-0.032855
1.349000	-0.030332
1.350000	-0.025327
1.351000	-0.015697
1.352000	0.002489
1.353000	0.034500
1.354000	0.084035
1.355000	0.148402
1.356000	0.215261
1.357000	0.266516
1.358000	0.289339
1.359000	0.283559
1.360000	0.256335
1.361000	0.212633
1.362000	0.155507
1.363000	0.092530
1.364000	0.035405
1.365000	-0.006909
1.366000	-0.032176
1.367000	-0.043450
1.368000	-0.045996
1.369000	-0.044950
1.370000	-0.043865
1.371000	-0.044229
1.372000	-0.045959
1.373000	-0.048303
1.374000	-0.050705
1.375000	-0.053384
1.376000	-0.057067
1.377000	-0.061928
1.378000	-0.067063
1.379000	-0.071230
1.380000	-0.073802
1.381000	-0.074900
1.382000	-0.074983
1.383000	-0.074405
1.384000	-0.073045
1.385000	-0.070028
1.386000	-0.063636
1.387000	-0.051548
1.388000	-0.031864
1.389000	-0.005383
1.390000	0.022041
1.391000	0.040963
1.392000	0.045716
1.393000	0.041370
1.394000	0.040739
1.395000	0.052676
1.396000	0.074130
1.397000	0.094915
1.398000	0.109601
1.399000	0.121744
1.400000	0.134797
1.401000	0.141879
1.402000	0.129107
1.403000	0.090082
1.404000	0.034069
1.405000	-0.021431
1.406000	-0.063522
1.407000	-0.089145
1.408000	-0.101869
1.409000	-0.106680
1.410000	-0.107196
1.411000	-0.105469
1.412000	-0.102605
1.413000	-0.099141
1.414000	-0.095251
1.415000	-0.090916
1.416000	-0.086042
1.417000	-0.080708
1.418000	-0.075464
1.419000	-0.071235
1.420000	-0.068686
1.421000	-0.067546
1.422000	-0.066614
1.423000	-0.064552
1.424000	-0.060656
1.425000	-0.054889
1.426000	-0.047312
1.427000	-0.037320
1.428000	-0.022980
1.429000	-0.000908
1.430000	0.032401
1.431000	0.076902
1.432000	0.124339
1.433000	0.158301
1.434000	0.163641
1.435000	0.138761
1.436000	0.097141
1.437000	0.056301
1.438000	0.026853
1.439000	0.010432
1.440000	0.003669
1.441000	0.002469
1.442000	0.004068
1.443000	0.007053
1.444000	0.010552
1.445000	0.013736
1.446000	0.015851
1.447000	0.016450
1.448000	0.015486
1.449000	0.013121
1.450000	0.009602
1.451000	0.005692
1.452000	0.003288
1.453000	0.005326
1.454000	0.015023
1.455000	0.034650
1.456000	0.063206
1.457000	0.093588
1.458000	0.113203
1.459000	0.111033
1.460000	0.086225
1.461000	0.049045
1.462000	0.013557
1.463000	-0.009607
1.464000	-0.015152
1.465000	-0.001894
1.466000	0.027550
1.467000	0.065004
1.468000	0.095889
1.469000	0.104222
1.470000	0.083035
1.471000	0.040310
1.472000	-0.007256
1.473000	-0.045982
1.474000	-0.070904
1.475000	-0.083573
1.476000	-0.087769
1.477000	-0.087182
1.478000	-0.084828
1.479000	-0.082746
1.480000	-0.081681
1.481000	-0.081325
1.482000	-0.081150
1.483000	-0.081164
1.484000	-0.081974
1.485000	-0.083930
1.486000	-0.085924
1.487000	-0.084907
1.488000	-0.076781
1.489000	-0.058374
1.490000	-0.030036
1.491000	0.002086
1.492000	0.026598
1.493000	0.032717
1.494000	0.018307
1.495000	-0.008209
1.496000	-0.034511
1.497000	-0.052137
1.498000	-0.058782
1.499000	-0.055919
1.500000	-0.045269
1.501000	-0.026450
1.502000	0.002727
1.503000	0.042573
1.504000	0.086355
1.505000	0.119174
1.506000	0.125820
1.507000	0.102837
1.508000	0.061823
1.509000	0.019952
1.510000	-0.011338
1.511000	-0.029382
1.512000	-0.036578
1.513000	-0.036282
1.514000	-0.031218
1.515000	-0.023516
1.516000	-0.015083
1.517000	-0.007781
1.518000	-0.003222
1.519000	-0.002306
1.520000	-0.004848
1.521000	-0.009531
1.522000	-0.014310
1.523000	-0.017261
1.524000	-0.017354
1.525000	-0.014462
1.526000	-0.008590
1.527000	0.001146
1.528000	0.016967
1.529000	0.041133
1.530000	0.072283
1.531000	0.101979
1.532000	0.116933
1.533000	0.108283
1.534000	0.079683
1.535000	0.045305
1.536000	0.020731
1.537000	0.016307
1.538000	0.035583
1.539000	0.074271
1.540000	0.117996
1.541000	0.144813
1.542000	0.137424
1.543000	0.096405
1.544000	0.039353
1.545000	-0.013460
1.546000	-0.051208
1.547000	-0.073464
1.548000	-0.084606
1.549000	-0.088905
1.550000	-0.088941
1.551000	-0.086219
1.552000	-0.081963
1.553000	-0.077432
1.554000	-0.074108
1.555000	-0.073681
1.556000	-0.077169
1.557000	-0.083560
1.558000	-0.089591
1.559000	-0.091395
1.560000	-0.086686
1.561000	-0.075716
1.562000	-0.060480
1.563000	-0.042626
1.564000	-0.021457
1.565000	0.005567
1.566000	0.038693
1.567000	0.071204
1.568000	0.090534
1.569000	0.087135
1.570000	0.062761
1.571000	0.028648
1.572000	-0.003447
1.573000	-0.027261
1.574000	-0.041814
1.575000	-0.048605
1.576000	-0.049551
1.577000	-0.046433
1.578000	-0.040987
1.579000	-0.034668
1.580000	-0.028158
1.581000	-0.021448
1.582000	-0.014663
1.583000	-0.008709
1.584000	-0.004763
1.585000	-0.003031
1.586000	-0.002248
1.587000	-0.000514
1.588000	0.003477
1.589000	0.009776
1.590000	0.017100
1.591000	0.023200
1.592000	0.025810
1.593000	0.023841
1.594000	0.018121
1.595000	0.011296
1.596000	0.006775
1.597000	0.006999
1.598000	0.012180
1.599000	0.020538
1.600000	0.029813
1.601000	0.039048
1.602000	0.049926
1.603000	0.066608
1.604000	0.092595
1.605000	0.125281
1.606000	0.153200
1.607000	0.161618
1.608000	0.143876
1.609000	0.106973
1.610000	0.065169
1.611000	0.029627
1.612000	0.004179
1.613000	-0.012365
1.614000	-0.022479
1.615000	-0.028017
1.616000	-0.030199
1.617000	-0.030210
1.618000	-0.029454
1.619000	-0.029401
1.620000	-0.031332
1.621000	-0.035965
1.622000	-0.042978
1.623000	-0.050803
1.624000	-0.057074
1.625000	-0.059649
1.626000	-0.057813
1.627000	-0.052857
1.628000	-0.047331
1.629000	-0.043383
1.630000	-0.041618
1.631000	-0.041300
1.632000	-0.041475
1.633000	-0.041973
1.634000	-0.043445
1.635000	-0.046464
1.636000	-0.050715
1.637000	-0.054881
1.638000	-0.056546
1.639000	-0.051617
1.640000	-0.034584
1.641000	-0.001386
1.642000	0.045675
1.643000	0.094651
1.644000	0.127204
1.645000	0.129449
1.646000	0.102048
1.647000	0.058938
1.648000	0.016556
1.649000	-0.015025
1.650000	-0.033558
1.651000	-0.041707
1.652000	-0.043648
1.653000	-0.042635
1.654000	-0.040072
1.655000	-0.036275
1.656000	-0.032049
1.657000	-0.029395
1.658000	-0.030511
1.659000	-0.036031
1.660000	-0.044154
1.661000	-0.051453
1.662000	-0.054648
1.663000	-0.052159
1.664000	-0.044721
1.665000	-0.034806
1.666000	-0.025076
1.667000	-0.016805
1.668000	-0.009192
1.669000	0.000445
1.670000	0.015948
1.671000	0.040652
1.672000	0.074324
1.673000	0.109921
1.674000	0.134325
1.675000	0.136150
1.676000	0.115029
1.677000	0.081969
1.678000	0.050315
1.679000	0.027364
1.680000	0.013094
1.681000	0.003805
1.682000	-0.004106
1.683000	-0.012492
1.684000	-0.021378
1.685000	-0.029280
1.686000	-0.033817
1.687000	-0.032952
1.688000	-0.026430
1.689000	-0.016367
1.690000	-0.006316
1.691000	0.000668
1.692000	0.003538
1.693000	0.003365
1.694000	0.002210
1.695000	0.001648
1.696000	0.001858
1.697000	0.001773
1.698000	0.000018
1.699000	-0.004176
1.700000	-0.010695
1.701000	-0.018866
1.702000	-0.027940
1.703000	-0.037084
1.704000	-0.044797
1.705000	-0.048696
1.706000	-0.046394
1.707000	-0.036457
1.708000	-0.018190
1.709000	0.009123
1.710000	0.045551
1.711000	0.087605
1.712000	0.125313
1.713000	0.144350
1.714000	0.135221
1.715000	0.101679
1.716000	0.058382
1.717000	0.020072
1.718000	-0.006386
1.719000	-0.021842
1.720000	-0.030395
1.721000	-0.035717
1.722000	-0.039823
1.723000	-0.043359
1.724000	-0.046255
1.725000	-0.048310
1.726000	-0.049563
1.727000	-0.050306
1.728000	-0.050721
1.729000	-0.050616
1.730000	-0.049620
1.731000	-0.047695
1.732000	-0.045466
1.733000	-0.043930
1.734000	-0.043656
1.735000	-0.044338
1.736000	-0.045424
1.737000	-0.046994
1.738000	-0.049405
1.739000	-0.052006
1.740000	-0.052927
1.741000	-0.050381
1.742000	-0.043593
1.743000	-0.032003
1.744000	-0.013929
1.745000	0.013158
1.746000	0.049927
1.747000	0.091389
1.748000	0.125468
1.749000	0.137972
1.750000	0.122624
1.751000	0.086654
1.752000	0.045197
1.753000	0.010789
1.754000	-0.011772
1.755000	-0.023621
1.756000	-0.027988
1.757000	-0.027825
1.758000	-0.025090
1.759000	-0.021002
1.760000	-0.016552
1.761000	-0.012660
1.762000	-0.009899
1.763000	-0.008176
1.764000	-0.006717
1.765000	-0.004544
1.766000	-0.001209
1.767000	0.002871
1.768000	0.006721
1.769000	0.009370
1.770000	0.010330
1.771000	0.009857
1.772000	0.008777
1.773000	0.007897
1.774000	0.007394
1.775000	0.006689
1.776000	0.005016
1.777000	0.002226
1.778000	-0.000991
1.779000	-0.003605
1.780000	-0.004901
1.781000	-0.004745
1.782000	-0.003509
1.783000	-0.001977
1.784000	-0.001101
1.785000	-0.001365
1.786000	-0.002196
1.787000	-0.002103
1.788000	0.000420
1.789000	0.006004
1.790000	0.014231
1.791000	0.023927
1.792000	0.033280
1.793000	0.040087
1.794000	0.042782
1.795000	0.041510
1.796000	0.037904
1.797000	0.033644
1.798000	0.029077
1.799000	0.023087
1.800000	0.014401
1.801000	0.003276
1.802000	-0.008091
1.803000	-0.016950
1.804000	-0.021837
1.805000	-0.023044
1.806000	-0.021733
1.807000	-0.019123
1.808000	-0.016333
1.809000	-0.014203
1.810000	-0.012896
1.811000	-0.011793
1.812000	-0.009927
1.813000	-0.006811
1.814000	-0.003170
1.815000	-0.000795
1.816000	-0.001284
1.817000	-0.004555
1.818000	-0.008543
1.819000	-0.010606
1.820000	-0.009452
1.821000	-0.005915
1.822000	-0.002165
1.823000	-0.000411
1.824000	-0.002007
1.825000	-0.007102
1.826000	-0.014746
1.827000	-0.023173
1.828000	-0.030119
1.829000	-0.033443
1.830000	-0.032163
1.831000	-0.027103
1.832000	-0.020316
1.833000	-0.013697
1.834000	-0.008256
1.835000	-0.004596
1.836000	-0.003297
1.837000	-0.004255
1.838000	-0.006233
1.839000	-0.007689
1.840000	-0.007876
1.841000	-0.007068
1.842000	-0.006150
1.843000	-0.006076
1.844000	-0.007267
1.845000	-0.009240
1.846000	-0.010863
1.847000	-0.010963
1.848000	-0.008703
1.849000	-0.003851
1.850000	0.002902
1.851000	0.010103
1.852000	0.016312
1.853000	0.020666
1.854000	0.022816
1.855000	0.022846
1.856000	0.021484
1.857000	0.020092
1.858000	0.019949
1.859000	0.021331
1.860000	0.023238
1.861000	0.024143
1.862000	0.023193
1.863000	0.020897
1.864000	0.018708
1.865000	0.017812
1.866000	0.018207
1.867000	0.018985
1.868000	0.019370
1.869000	0.019195
1.870000	0.018521
1.871000	0.017435
1.872000	0.016400
1.873000	0.016272
1.874000	0.017574
1.875000	0.019891
1.876000	0.022039
1.877000	0.022557
1.878000	0.020187
1.879000	0.014525
1.880000	0.006431
1.881000	-0.002465
1.882000	-0.010734
1.883000	-0.017516
1.884000	-0.022238
1.885000	-0.024474
1.886000	-0.024324
1.887000	-0.022759
1.888000	-0.021319
1.889000	-0.021185
1.890000	-0.022285
1.891000	-0.023231
1.892000	-0.022341
1.893000	-0.019102
1.894000	-0.014788
1.895000	-0.011555
1.896000	-0.010773
1.897000	-0.012295
1.898000	-0.015287
1.899000	-0.019270
1.900000	-0.023970
1.901000	-0.028392
1.902000	-0.030672
1.903000	-0.029147
1.904000	-0.023313
1.905000	-0.013810
1.906000	-0.002059
1.907000	0.009847
1.908000	0.019520
1.909000	0.025366
1.910000	0.027378
1.911000	0.026528
1.912000	0.023544
1.913000	0.018658
1.914000	0.012319
1.915000	0.005663
1.916000	0.000168
1.917000	-0.003041
1.918000	-0.003673
1.919000	-0.002318
1.920000	-0.000090
1.921000	0.001960
1.922000	0.003212
1.923000	0.003330
1.924000	0.002086
1.925000	-0.000371
1.926000	-0.003249
1.927000	-0.005384
1.928000	-0.005752
1.929000	-0.004030
1.930000	-0.001129
1.931000	0.000994
1.932000	0.000723
1.933000	-0.001633
1.934000	-0.003677
1.935000	-0.002654
1.936000	0.002250
1.937000	0.008978
1.938000	0.013857
1.939000	0.014015
1.940000	0.009176
1.941000	0.001705
1.942000	-0.004955
1.943000	-0.008317
1.944000	-0.008106
1.945000	-0.006043
1.946000	-0.004424
1.947000	-0.004514
1.948000	-0.005924
1.949000	-0.007340
1.950000	-0.007779
1.951000	-0.007011
1.952000	-0.004939
1.953000	-0.001250
1.954000	0.003961
1.955000	0.009689
1.956000	0.014444
1.957000	0.016947
1.958000	0.016378
1.959000	0.012549
1.960000	0.006303
1.961000	-0.000349
1.962000	-0.004858
1.963000	-0.005328
1.964000	-0.001620
1.965000	0.004487
1.966000	0.010452
1.967000	0.014591
1.968000	0.016695
1.969000	0.017390
1.970000	0.017204
1.971000	0.016051
1.972000	0.013305
1.973000	0.008394
1.974000	0.001579
1.975000	-0.005679
1.976000	-0.011275
1.977000	-0.013673
1.978000	-0.012832
1.979000	-0.010232
1.980000	-0.008101
1.981000	-0.008322
1.982000	-0.011540
1.983000	-0.016951
1.984000	-0.022774
1.985000	-0.027029
1.986000	-0.028213
1.987000	-0.025837
1.988000	-0.020657
1.989000	-0.014238
1.990000	-0.008127
1.991000	-0.003386
1.992000	-0.000493
1.993000	0.000698
1.994000	0.000702
1.995000	-0.000119
1.996000	-0.001644
1.997000	-0.003474
1.998000	-0.004745
1.999000	-0.004728
2.000000	-0.003421
2.001000	-0.001459
2.002000	0.000364
2.003000	0.001514
2.004000	0.001925
2.005000	0.001905
2.006000	0.001830
2.007000	0.001875
2.008000	0.001949
2.009000	0.001917
2.010000	0.001933
2.011000	0.002410
2.012000	0.003593
2.013000	0.005365
2.014000	0.007657
2.015000	0.010841
2.016000	0.015311
2.017000	0.020797
2.018000	0.026415
2.019000	0.031130
2.020000	0.033929
2.021000	0.034021
2.022000	0.031517
2.023000	0.027820
2.024000	0.024866
2.025000	0.023872
2.026000	0.024817
2.027000	0.026768
2.028000	0.028414
2.029000	0.028515
2.030000	0.026304
2.031000	0.021940
2.032000	0.016648
2.033000	0.011994
2.034000	0.008737
2.035000	0.006398
2.036000	0.003810
2.037000	0.000059
2.038000	-0.004883
2.039000	-0.010257
2.040000	-0.015159
2.041000	-0.018923
2.042000	-0.021117
2.043000	-0.021696
2.044000	-0.021393
2.045000	-0.021633
2.046000	-0.023663
2.047000	-0.027572
2.048000	-0.032215
2.049000	-0.036020
2.050000	-0.037759
2.051000	-0.036890
2.052000	-0.033729
2.053000	-0.029492
2.054000	-0.025813
2.055000	-0.023780
2.056000	-0.023398
2.057000	-0.024022
2.058000	-0.025107
2.059000	-0.026481
2.060000	-0.028195
2.061000	-0.030326
2.062000	-0.032707
2.063000	-0.034636
2.064000	-0.034954
2.065000	-0.032604
2.066000	-0.027398
2.067000	-0.020407
2.068000	-0.013337
2.069000	-0.007168
2.070000	-0.001575
2.071000	0.004125
2.072000	0.009757
2.073000	0.014352
2.074000	0.017193
2.075000	0.018387
2.076000	0.018514
2.077000	0.018062
2.078000	0.017256
2.079000	0.016269
2.080000	0.015614
2.081000	0.016293
2.082000	0.019191
2.083000	0.024053
2.084000	0.029322
2.085000	0.033397
2.086000	0.035934
2.087000	0.037621
2.088000	0.038896
2.089000	0.039247
2.090000	0.037676
2.091000	0.033627
2.092000	0.027558
2.093000	0.020830
2.094000	0.015054
2.095000	0.011371
2.096000	0.009988
2.097000	0.010198
2.098000	0.011029
2.099000	0.011897
2.100000	0.012575
2.101000	0.012905
2.102000	0.013009
2.103000	0.013493
2.104000	0.015022
2.105000	0.017572
2.106000	0.019963
2.107000	0.020191
2.108000	0.016729
2.109000	0.009934
2.110000	0.002122
2.111000	-0.003958
2.112000	-0.006862
2.113000	-0.006999
2.114000	-0.005942
2.115000	-0.005273
2.116000	-0.005718
2.117000	-0.007163
2.118000	-0.009420
2.119000	-0.012632
2.120000	-0.014512
