0.000000	0.000000
0.001000	0.005356
0.002000	0.064847
0.003000	0.258477
0.004000	0.614584
0.005000	1.093469
0.006000	1.625532
0.007000	2.137399
0.008000	2.566230
0.009000	2.866266
0.010000	3.010517
0.011000	2.989233
0.012000	2.807156
0.013000	2.480373
0.014000	2.032590
0.015000	1.491999
0.016000	0.889001
0.017000	0.253928
0.018000	-0.384988
0.019000	-1.003088
0.020000	-1.580150
0.021000	-2.100318
0.022000	-2.551642
0.023000	-2.926093
0.024000	-3.219389
0.025000	-3.425936
0.026000	-3.500188
0.027000	-3.363051
0.028000	-2.986043
0.029000	-2.413355
0.030000	-1.722628
0.031000	-0.997380
0.032000	-0.311495
0.033000	0.278241
0.034000	0.734314
0.035000	1.037346
0.036000	1.183229
0.037000	1.180089
0.038000	1.045678
0.039000	0.804474
0.040000	0.484324
0.041000	0.113491
0.042000	-0.281573
0.043000	-0.677898
0.044000	-1.056723
0.045000	-1.403152
0.046000	-1.705410
0.047000	-1.935875
0.048000	-2.015397
0.049000	-1.868594
0.050000	-1.498262
0.051000	-0.964734
0.052000	-0.349185
0.053000	0.268720
0.054000	0.822767
0.055000	1.264833
0.056000	1.565400
0.057000	1.712503
0.058000	1.709359
0.059000	1.570439
0.060000	1.317601
0.061000	0.977012
0.062000	0.576944
0.063000	0.145423
0.064000	-0.292359
0.065000	-0.715243
0.066000	-1.106265
0.067000	-1.451060
0.068000	-1.709134
0.069000	-1.799710
0.070000	-1.656099
0.071000	-1.228514
0.072000	-0.500232
0.073000	0.458934
0.074000	1.523260
0.075000	2.558412
0.076000	3.448898
0.077000	4.110472
0.078000	4.492955
0.079000	4.578091
0.080000	4.374404
0.081000	3.910908
0.082000	3.230677
0.083000	2.384885
0.084000	1.427852
0.085000	0.412872
0.086000	-0.610758
0.087000	-1.600018
0.088000	-2.519486
0.089000	-3.341350
0.090000	-4.044562
0.091000	-4.614666
0.092000	-5.044334
0.093000	-5.332385
0.094000	-5.482200
0.095000	-5.501151
0.096000	-5.397506
0.097000	-5.141319
0.098000	-4.656432
0.099000	-3.909011
0.100000	-2.947818
0.101000	-1.862558
0.102000	-0.750366
0.103000	0.302608
0.104000	1.229946
0.105000	1.986948
0.106000	2.548760
0.107000	2.907978
0.108000	3.072174
0.109000	3.060024
0.110000	2.897254
0.111000	2.613559
0.112000	2.240190
0.113000	1.808599
0.114000	1.348917
0.115000	0.887496
0.116000	0.445461
0.117000	0.039274
0.118000	-0.318562
0.119000	-0.619485
0.120000	-0.858076
0.121000	-1.031917
0.122000	-1.141957
0.123000	-1.174418
0.124000	-1.058917
0.125000	-0.719867
0.126000	-0.161093
0.127000	0.549673
0.128000	1.322185
0.129000	2.069613
0.130000	2.720989
0.131000	3.225671
0.132000	3.553518
0.133000	3.692138
0.134000	3.644517
0.135000	3.426863
0.136000	3.064624
0.137000	2.587629
0.138000	2.026827
0.139000	1.412798
0.140000	0.774621
0.141000	0.139223
0.142000	-0.469448
0.143000	-1.019996
0.144000	-1.401421
0.145000	-1.434998
0.146000	-1.039568
0.147000	-0.284890
0.148000	0.684710
0.149000	1.708630
0.150000	2.642411
0.151000	3.375175
0.152000	3.835897
0.153000	3.991254
0.154000	3.839216
0.155000	3.401736
0.156000	2.718508
0.157000	1.841025
0.158000	0.826523
0.159000	-0.267439
0.160000	-1.385989
0.161000	-2.478172
0.162000	-3.498857
0.163000	-4.411863
0.164000	-5.191826
0.165000	-5.822461
0.166000	-6.293653
0.167000	-6.600922
0.168000	-6.745872
0.169000	-6.735737
0.170000	-6.576731
0.171000	-6.229696
0.172000	-5.621510
0.173000	-4.738344
0.174000	-3.643831
0.175000	-2.434762
0.176000	-1.211774
0.177000	-0.062423
0.178000	0.946765
0.179000	1.771395
0.180000	2.388072
0.181000	2.791987
0.182000	2.992804
0.183000	3.010735
0.184000	2.874874
0.185000	2.650093
0.186000	2.445198
0.187000	2.338591
0.188000	2.336335
0.189000	2.401785
0.190000	2.483696
0.191000	2.535073
0.192000	2.521350
0.193000	2.436593
0.194000	2.339402
0.195000	2.325404
0.196000	2.486273
0.197000	2.860637
0.198000	3.389908
0.199000	3.961225
0.200000	4.454648
0.201000	4.769667
0.202000	4.838741
0.203000	4.630849
0.204000	4.147126
0.205000	3.412535
0.206000	2.468587
0.207000	1.367700
0.208000	0.166967
0.209000	-1.076849
0.210000	-2.311030
0.211000	-3.488924
0.212000	-4.569831
0.213000	-5.520700
0.214000	-6.318197
0.215000	-6.948345
0.216000	-7.404967
0.217000	-7.678860
0.218000	-7.713067
0.219000	-7.428818
0.220000	-6.816536
0.221000	-5.941009
0.222000	-4.898419
0.223000	-3.788614
0.224000	-2.699924
0.225000	-1.700835
0.226000	-0.837443
0.227000	-0.134733
0.228000	0.399613
0.229000	0.770052
0.230000	0.990666
0.231000	1.083654
0.232000	1.076355
0.233000	0.996321
0.234000	0.867479
0.235000	0.711054
0.236000	0.573780
0.237000	0.545696
0.238000	0.690208
0.239000	0.995487
0.240000	1.406162
0.241000	1.865249
0.242000	2.379263
0.243000	3.032011
0.244000	3.893304
0.245000	4.931238
0.246000	6.024641
0.247000	7.027171
0.248000	7.806917
0.249000	8.265611
0.250000	8.346720
0.251000	8.035253
0.252000	7.350634
0.253000	6.336542
0.254000	5.053377
0.255000	3.572257
0.256000	1.968302
0.257000	0.314840
0.258000	-1.321030
0.259000	-2.880844
0.260000	-4.315931
0.261000	-5.588816
0.262000	-6.672631
0.263000	-7.550025
0.264000	-8.212278
0.265000	-8.657731
0.266000	-8.890439
0.267000	-8.919980
0.268000	-8.762463
0.269000	-8.438446
0.270000	-7.968645
0.271000	-7.342509
0.272000	-6.499436
0.273000	-5.405540
0.274000	-4.104645
0.275000	-2.682692
0.276000	-1.235700
0.277000	0.146685
0.278000	1.391011
0.279000	2.445926
0.280000	3.282064
0.281000	3.891045
0.282000	4.314945
0.283000	4.651239
0.284000	4.970944
0.285000	5.275901
0.286000	5.530895
0.287000	5.697378
0.288000	5.791085
0.289000	5.873568
0.290000	5.965768
0.291000	6.031772
0.292000	6.014944
0.293000	5.863131
0.294000	5.563651
0.295000	5.178126
0.296000	4.778408
0.297000	4.375566
0.298000	3.940912
0.299000	3.436215
0.300000	2.831429
0.301000	2.112581
0.302000	1.282752
0.303000	0.358796
0.304000	-0.633562
0.305000	-1.663403
0.306000	-2.697575
0.307000	-3.703243
0.308000	-4.648869
0.309000	-5.505787
0.310000	-6.249369
0.311000	-6.859133
0.312000	-7.320222
0.313000	-7.624413
0.314000	-7.769139
0.315000	-7.756559
0.316000	-7.593206
0.317000	-7.289909
0.318000	-6.861308
0.319000	-6.324837
0.320000	-5.699527
0.321000	-5.004975
0.322000	-4.261314
0.323000	-3.489028
0.324000	-2.705654
0.325000	-1.890232
0.326000	-0.974157
0.327000	0.098182
0.328000	1.358110
0.329000	2.790927
0.330000	4.303814
0.331000	5.768012
0.332000	7.060782
0.333000	8.085086
0.334000	8.775451
0.335000	9.110207
0.336000	9.148916
0.337000	8.994432
0.338000	8.704335
0.339000	8.284649
0.340000	7.721457
0.341000	7.001205
0.342000	6.120344
0.343000	5.118701
0.344000	4.099665
0.345000	3.152029
0.346000	2.294075
0.347000	1.503736
0.348000	0.746762
0.349000	0.016787
0.350000	-0.631493
0.351000	-1.145796
0.352000	-1.536218
0.353000	-1.849283
0.354000	-2.139020
0.355000	-2.452068
0.356000	-2.819333
0.357000	-3.251915
0.358000	-3.743320
0.359000	-4.275419
0.360000	-4.824098
0.361000	-5.363539
0.362000	-5.868200
0.363000	-6.314513
0.364000	-6.682687
0.365000	-6.957321
0.366000	-7.128722
0.367000	-7.192291
0.368000	-7.146950
0.369000	-6.995521
0.370000	-6.743201
0.371000	-6.396619
0.372000	-5.964471
0.373000	-5.456383
0.374000	-4.882848
0.375000	-4.253232
0.376000	-3.543497
0.377000	-2.685217
0.378000	-1.643649
0.379000	-0.460161
0.380000	0.786422
0.381000	2.011565
0.382000	3.139843
0.383000	4.111863
0.384000	4.886685
0.385000	5.462175
0.386000	5.904728
0.387000	6.289055
0.388000	6.629242
0.389000	6.899658
0.390000	7.065452
0.391000	7.094687
0.392000	6.962632
0.393000	6.664852
0.394000	6.258959
0.395000	5.836966
0.396000	5.441368
0.397000	5.059672
0.398000	4.657532
0.399000	4.223791
0.400000	3.809399
0.401000	3.465555
0.402000	3.179992
0.403000	2.903043
0.404000	2.579798
0.405000	2.165653
0.406000	1.631833
0.407000	0.968653
0.408000	0.185402
0.409000	-0.695225
0.410000	-1.642099
0.411000	-2.618246
0.412000	-3.583914
0.413000	-4.499514
0.414000	-5.328941
0.415000	-6.042839
0.416000	-6.619820
0.417000	-7.047144
0.418000	-7.320204
0.419000	-7.440886
0.420000	-7.416280
0.421000	-7.257447
0.422000	-6.977457
0.423000	-6.590842
0.424000	-6.114440
0.425000	-5.556804
0.426000	-4.875664
0.427000	-4.005547
0.428000	-2.941713
0.429000	-1.742550
0.430000	-0.492773
0.431000	0.719941
0.432000	1.820319
0.433000	2.753793
0.434000	3.487032
0.435000	4.004916
0.436000	4.307777
0.437000	4.426980
0.438000	4.451758
0.439000	4.473109
0.440000	4.517422
0.441000	4.565981
0.442000	4.584384
0.443000	4.538061
0.444000	4.400023
0.445000	4.154375
0.446000	3.796497
0.447000	3.331705
0.448000	2.774838
0.449000	2.147526
0.450000	1.486422
0.451000	0.881959
0.452000	0.437584
0.453000	0.186008
0.454000	0.097050
0.455000	0.112828
0.456000	0.169898
0.457000	0.213247
0.458000	0.200793
0.459000	0.106195
0.460000	-0.079897
0.461000	-0.353836
0.462000	-0.703150
0.463000	-1.108668
0.464000	-1.546904
0.465000	-1.991415
0.466000	-2.386192
0.467000	-2.612477
0.468000	-2.526163
0.469000	-2.063300
0.470000	-1.283526
0.471000	-0.316971
0.472000	0.690648
0.473000	1.608859
0.474000	2.338046
0.475000	2.814230
0.476000	3.007369
0.477000	2.916886
0.478000	2.565384
0.479000	1.992671
0.480000	1.249809
0.481000	0.391398
0.482000	-0.528963
0.483000	-1.461030
0.484000	-2.360468
0.485000	-3.190344
0.486000	-3.922507
0.487000	-4.538979
0.488000	-5.030352
0.489000	-5.391839
0.490000	-5.622135
0.491000	-5.722663
0.492000	-5.696446
0.493000	-5.549937
0.494000	-5.292716
0.495000	-4.935857
0.496000	-4.487701
0.497000	-3.912677
0.498000	-3.139472
0.499000	-2.149890
0.500000	-0.999082
0.501000	0.226335
0.502000	1.435251
0.503000	2.547167
0.504000	3.500870
0.505000	4.256725
0.506000	4.794912
0.507000	5.112469
0.508000	5.220266
0.509000	5.157493
0.510000	5.017778
0.511000	4.893537
0.512000	4.809965
0.513000	4.743233
0.514000	4.651226
0.515000	4.492768
0.516000	4.242698
0.517000	3.935111
0.518000	3.653478
0.519000	3.440008
0.520000	3.271286
0.521000	3.096674
0.522000	2.864603
0.523000	2.536017
0.524000	2.090828
0.525000	1.528310
0.526000	0.861459
0.527000	0.110586
0.528000	-0.698880
0.529000	-1.536448
0.530000	-2.369203
0.531000	-3.166269
0.532000	-3.900718
0.533000	-4.549557
0.534000	-5.094717
0.535000	-5.523425
0.536000	-5.828592
0.537000	-6.008947
0.538000	-6.066227
0.539000	-6.004275
0.540000	-5.831475
0.541000	-5.560315
0.542000	-5.204936
0.543000	-4.781320
0.544000	-4.306395
0.545000	-3.794251
0.546000	-3.255511
0.547000	-2.698851
0.548000	-2.119583
0.549000	-1.461497
0.550000	-0.657146
0.551000	0.291442
0.552000	1.323656
0.553000	2.359220
0.554000	3.319278
0.555000	4.138940
0.556000	4.774434
0.557000	5.202377
0.558000	5.416871
0.559000	5.426866
0.560000	5.251708
0.561000	4.917923
0.562000	4.457170
0.563000	3.903457
0.564000	3.290407
0.565000	2.648470
0.566000	2.002583
0.567000	1.373342
0.568000	0.779076
0.569000	0.234964
0.570000	-0.247449
0.571000	-0.659491
0.572000	-0.994522
0.573000	-1.248628
0.574000	-1.422580
0.575000	-1.520703
0.576000	-1.549265
0.577000	-1.517873
0.578000	-1.439767
0.579000	-1.328870
0.580000	-1.197837
0.581000	-1.057637
0.582000	-0.916002
0.583000	-0.777682
0.584000	-0.647507
0.585000	-0.529315
0.586000	-0.423639
0.587000	-0.327948
0.588000	-0.237422
0.589000	-0.147074
0.590000	-0.052320
0.591000	0.051802
0.592000	0.189363
0.593000	0.431938
0.594000	0.839888
0.595000	1.397011
0.596000	2.036280
0.597000	2.675132
0.598000	3.236512
0.599000	3.660986
0.600000	3.911636
0.601000	3.974570
0.602000	3.854173
0.603000	3.567000
0.604000	3.137568
0.605000	2.594586
0.606000	1.968173
0.607000	1.288274
0.608000	0.582467
0.609000	-0.124780
0.610000	-0.811132
0.611000	-1.457431
0.612000	-2.047398
0.613000	-2.566465
0.614000	-3.003217
0.615000	-3.348645
0.616000	-3.592929
0.617000	-3.694822
0.618000	-3.579145
0.619000	-3.211534
0.620000	-2.630676
0.621000	-1.914875
0.622000	-1.132727
0.623000	-0.290034
0.624000	0.622394
0.625000	1.558706
0.626000	2.438432
0.627000	3.178918
0.628000	3.714315
0.629000	4.004292
0.630000	4.033584
0.631000	3.808938
0.632000	3.354595
0.633000	2.705949
0.634000	1.904222
0.635000	0.994063
0.636000	0.022206
0.637000	-0.942912
0.638000	-1.786646
0.639000	-2.411737
0.640000	-2.799368
0.641000	-2.983904
0.642000	-3.021424
0.643000	-2.969466
0.644000	-2.876983
0.645000	-2.781562
0.646000	-2.710503
0.647000	-2.682468
0.648000	-2.705156
0.649000	-2.774559
0.650000	-2.880057
0.651000	-3.007089
0.652000	-3.138607
0.653000	-3.259006
0.654000	-3.356238
0.655000	-3.422317
0.656000	-3.452425
0.657000	-3.442266
0.658000	-3.387443
0.659000	-3.283958
0.660000	-3.122644
0.661000	-2.853752
0.662000	-2.403784
0.663000	-1.755500
0.664000	-0.939674
0.665000	0.040665
0.666000	1.180894
0.667000	2.411142
0.668000	3.620856
0.669000	4.699244
0.670000	5.557451
0.671000	6.136353
0.672000	6.408595
0.673000	6.376102
0.674000	6.063044
0.675000	5.507240
0.676000	4.753457
0.677000	3.849518
0.678000	2.845339
0.679000	1.793650
0.680000	0.773124
0.681000	-0.100180
0.682000	-0.742546
0.683000	-1.147611
0.684000	-1.354092
0.685000	-1.418342
0.686000	-1.391123
0.687000	-1.272219
0.688000	-1.032795
0.689000	-0.685294
0.690000	-0.282297
0.691000	0.111514
0.692000	0.437118
0.693000	0.652306
0.694000	0.762687
0.695000	0.834912
0.696000	0.923518
0.697000	1.023509
0.698000	1.097979
0.699000	1.104204
0.700000	1.007100
0.701000	0.786089
0.702000	0.438341
0.703000	-0.024526
0.704000	-0.580897
0.705000	-1.202172
0.706000	-1.856865
0.707000	-2.514573
0.708000	-3.145526
0.709000	-3.693469
0.710000	-4.060421
0.711000	-4.176469
0.712000	-4.048969
0.713000	-3.731581
0.714000	-3.292332
0.715000	-2.797324
0.716000	-2.303238
0.717000	-1.852862
0.718000	-1.474568
0.719000	-1.184325
0.720000	-0.987059
0.721000	-0.878237
0.722000	-0.845797
0.723000	-0.871406
0.724000	-0.928210
0.725000	-0.949219
0.726000	-0.845521
0.727000	-0.581577
0.728000	-0.183142
0.729000	0.296617
0.730000	0.803210
0.731000	1.334745
0.732000	1.946666
0.733000	2.698121
0.734000	3.601758
0.735000	4.590010
0.736000	5.545231
0.737000	6.348994
0.738000	6.906765
0.739000	7.156290
0.740000	7.069625
0.741000	6.649911
0.742000	5.924985
0.743000	4.942129
0.744000	3.761277
0.745000	2.447478
0.746000	1.078857
0.747000	-0.225170
0.748000	-1.346552
0.749000	-2.237164
0.750000	-2.907152
0.751000	-3.393524
0.752000	-3.733517
0.753000	-3.921549
0.754000	-3.925697
0.755000	-3.752814
0.756000	-3.454272
0.757000	-3.098488
0.758000	-2.750175
0.759000	-2.460717
0.760000	-2.265808
0.761000	-2.181710
0.762000	-2.202750
0.763000	-2.279130
0.764000	-2.317291
0.765000	-2.254133
0.766000	-2.090234
0.767000	-1.821710
0.768000	-1.405687
0.769000	-0.832996
0.770000	-0.166391
0.771000	0.502901
0.772000	1.090646
0.773000	1.532452
0.774000	1.795074
0.775000	1.911209
0.776000	1.951123
0.777000	1.947513
0.778000	1.890424
0.779000	1.754800
0.780000	1.518381
0.781000	1.170072
0.782000	0.711329
0.783000	0.155950
0.784000	-0.471190
0.785000	-1.138681
0.786000	-1.814218
0.787000	-2.468537
0.788000	-3.076539
0.789000	-3.617821
0.790000	-4.074406
0.791000	-4.428157
0.792000	-4.665252
0.793000	-4.770587
0.794000	-4.691464
0.795000	-4.367063
0.796000	-3.799161
0.797000	-3.044806
0.798000	-2.181261
0.799000	-1.286015
0.800000	-0.416387
0.801000	0.438373
0.802000	1.356400
0.803000	2.402750
0.804000	3.561857
0.805000	4.743288
0.806000	5.831193
0.807000	6.719977
0.808000	7.333768
0.809000	7.631083
0.810000	7.599999
0.811000	7.251605
0.812000	6.615395
0.813000	5.736413
0.814000	4.671666
0.815000	3.484427
0.816000	2.237819
0.817000	1.005128
0.818000	-0.105054
0.819000	-0.996075
0.820000	-1.642759
0.821000	-2.072382
0.822000	-2.332200
0.823000	-2.472385
0.824000	-2.539347
0.825000	-2.572297
0.826000	-2.599103
0.827000	-2.612654
0.828000	-2.549621
0.829000	-2.317101
0.830000	-1.863142
0.831000	-1.219122
0.832000	-0.472914
0.833000	0.300759
0.834000	1.092620
0.835000	1.898955
0.836000	2.662111
0.837000	3.300009
0.838000	3.741566
0.839000	3.972364
0.840000	4.033168
0.841000	3.952784
0.842000	3.727222
0.843000	3.342332
0.844000	2.786885
0.845000	2.061871
0.846000	1.186094
0.847000	0.191148
0.848000	-0.887988
0.849000	-2.013414
0.850000	-3.140710
0.851000	-4.224177
0.852000	-5.222710
0.853000	-6.101096
0.854000	-6.832275
0.855000	-7.397845
0.856000	-7.787767
0.857000	-8.000309
0.858000	-8.040083
0.859000	-7.916944
0.860000	-7.645804
0.861000	-7.244515
0.862000	-6.731266
0.863000	-6.121230
0.864000	-5.396038
0.865000	-4.500431
0.866000	-3.414164
0.867000	-2.182352
0.868000	-0.882379
0.869000	0.402252
0.870000	1.596366
0.871000	2.640224
0.872000	3.504335
0.873000	4.220847
0.874000	4.850168
0.875000	5.412886
0.876000	5.887926
0.877000	6.239855
0.878000	6.443709
0.879000	6.533694
0.880000	6.594454
0.881000	6.666753
0.882000	6.723675
0.883000	6.713819
0.884000	6.587830
0.885000	6.310011
0.886000	5.880504
0.887000	5.359710
0.888000	4.816321
0.889000	4.269787
0.890000	3.706232
0.891000	3.101130
0.892000	2.433959
0.893000	1.698115
0.894000	0.903466
0.895000	0.096611
0.896000	-0.645886
0.897000	-1.275014
0.898000	-1.788109
0.899000	-2.208096
0.900000	-2.565769
0.901000	-2.868315
0.902000	-3.063270
0.903000	-3.089721
0.904000	-2.915658
0.905000	-2.532480
0.906000	-1.987633
0.907000	-1.373842
0.908000	-0.792478
0.909000	-0.329339
0.910000	-0.043924
0.911000	0.034640
0.912000	-0.065904
0.913000	-0.266833
0.914000	-0.506851
0.915000	-0.770361
0.916000	-1.065345
0.917000	-1.403260
0.918000	-1.787330
0.919000	-2.209848
0.920000	-2.655954
0.921000	-3.109911
0.922000	-3.558856
0.923000	-3.989135
0.924000	-4.381845
0.925000	-4.716638
0.926000	-4.977487
0.927000	-5.153762
0.928000	-5.238662
0.929000	-5.228598
0.930000	-5.124539
0.931000	-4.932907
0.932000	-4.664612
0.933000	-4.331929
0.934000	-3.945919
0.935000	-3.515191
0.936000	-3.044824
0.937000	-2.537558
0.938000	-1.998185
0.939000	-1.427912
0.940000	-0.763688
0.941000	0.134808
0.942000	1.368749
0.943000	2.933634
0.944000	4.726243
0.945000	6.574924
0.946000	8.299979
0.947000	9.748497
0.948000	10.806846
0.949000	11.406578
0.950000	11.523766
0.951000	11.172500
0.952000	10.397782
0.953000	9.265167
0.954000	7.850030
0.955000	6.231296
0.956000	4.487786
0.957000	2.696043
0.958000	0.927013
0.959000	-0.757247
0.960000	-2.306109
0.961000	-3.682142
0.962000	-4.861037
0.963000	-5.828480
0.964000	-6.578064
0.965000	-7.110318
0.966000	-7.429567
0.967000	-7.544364
0.968000	-7.469218
0.969000	-7.222568
0.970000	-6.804614
0.971000	-6.189793
0.972000	-5.355270
0.973000	-4.284602
0.974000	-2.963039
0.975000	-1.395454
0.976000	0.351670
0.977000	2.145635
0.978000	3.837911
0.979000	5.299254
0.980000	6.468824
0.981000	7.376505
0.982000	8.058233
0.983000	8.517727
0.984000	8.773467
0.985000	8.837315
0.986000	8.687547
0.987000	8.291952
0.988000	7.627755
0.989000	6.692001
0.990000	5.502841
0.991000	4.094686
0.992000	2.514339
0.993000	0.818830
0.994000	-0.927355
0.995000	-2.657804
0.996000	-4.310901
0.997000	-5.834499
0.998000	-7.185984
0.999000	-8.332296
1.000000	-9.250176
1.001000	-9.924455
1.002000	-10.349776
1.003000	-10.531682
1.004000	-10.483961
1.005000	-10.226971
1.006000	-9.775608
1.007000	-9.108132
1.008000	-8.196422
1.009000	-7.062708
1.010000	-5.771304
1.011000	-4.402840
1.012000	-3.037815
1.013000	-1.743524
1.014000	-0.543601
1.015000	0.584608
1.016000	1.685405
1.017000	2.807620
1.018000	3.953646
1.019000	5.062786
1.020000	6.050996
1.021000	6.840599
1.022000	7.374701
1.023000	7.622430
1.024000	7.578486
1.025000	7.259744
1.026000	6.700094
1.027000	5.944553
1.028000	5.046557
1.029000	4.061956
1.030000	3.039714
1.031000	2.018981
1.032000	1.032625
1.033000	0.109864
1.034000	-0.725927
1.035000	-1.458822
1.036000	-2.078701
1.037000	-2.580763
1.038000	-2.959595
1.039000	-3.181979
1.040000	-3.179656
1.041000	-2.895393
1.042000	-2.334660
1.043000	-1.544269
1.044000	-0.557583
1.045000	0.574055
1.046000	1.749601
1.047000	2.851643
1.048000	3.777788
1.049000	4.477158
1.050000	4.956434
1.051000	5.228581
1.052000	5.299135
1.053000	5.221460
1.054000	5.074933
1.055000	4.888119
1.056000	4.638691
1.057000	4.287270
1.058000	3.800602
1.059000	3.159857
1.060000	2.361035
1.061000	1.416247
1.062000	0.354164
1.063000	-0.785220
1.064000	-1.957661
1.065000	-3.119330
1.066000	-4.230181
1.067000	-5.254010
1.068000	-6.158780
1.069000	-6.920643
1.070000	-7.525224
1.071000	-7.963781
1.072000	-8.232807
1.073000	-8.337014
1.074000	-8.288103
1.075000	-8.100226
1.076000	-7.765682
1.077000	-7.240950
1.078000	-6.499321
1.079000	-5.560871
1.080000	-4.448567
1.081000	-3.188330
1.082000	-1.840056
1.083000	-0.472647
1.084000	0.889737
1.085000	2.241126
1.086000	3.535357
1.087000	4.697947
1.088000	5.655293
1.089000	6.352131
1.090000	6.755944
1.091000	6.856512
1.092000	6.663269
1.093000	6.201085
1.094000	5.508758
1.095000	4.635575
1.096000	3.635694
1.097000	2.564848
1.098000	1.476600
1.099000	0.418222
1.100000	-0.571094
1.101000	-1.460969
1.102000	-2.230832
1.103000	-2.869593
1.104000	-3.373630
1.105000	-3.745280
1.106000	-3.989491
1.107000	-4.106471
1.108000	-4.069543
1.109000	-3.838878
1.110000	-3.406131
1.111000	-2.775690
1.112000	-1.958814
1.113000	-1.006275
1.114000	0.001162
1.115000	0.980176
1.116000	1.873287
1.117000	2.679116
1.118000	3.414840
1.119000	4.066191
1.120000	4.600366
1.121000	4.983132
1.122000	5.188254
1.123000	5.219063
1.124000	5.120956
1.125000	4.936367
1.126000	4.671137
1.127000	4.314044
1.128000	3.855318
1.129000	3.293999
1.130000	2.639230
1.131000	1.907659
1.132000	1.119103
1.133000	0.296712
1.134000	-0.532108
1.135000	-1.340686
1.136000	-2.107173
1.137000	-2.813670
1.138000	-3.444954
1.139000	-3.989538
1.140000	-4.438220
1.141000	-4.783606
1.142000	-5.020956
1.143000	-5.144624
1.144000	-5.149728
1.145000	-5.038758
1.146000	-4.821764
1.147000	-4.512776
1.148000	-4.127852
1.149000	-3.673758
1.150000	-3.128044
1.151000	-2.468709
1.152000	-1.704904
1.153000	-0.822423
1.154000	0.232743
1.155000	1.467238
1.156000	2.802940
1.157000	4.122616
1.158000	5.309965
1.159000	6.268114
1.160000	6.927379
1.161000	7.250700
1.162000	7.232796
1.163000	6.895298
1.164000	6.280377
1.165000	5.440696
1.166000	4.430550
1.167000	3.302324
1.168000	2.105477
1.169000	0.887146
1.170000	-0.307191
1.171000	-1.435350
1.172000	-2.462845
1.173000	-3.366023
1.174000	-4.130616
1.175000	-4.750535
1.176000	-5.225377
1.177000	-5.557004
1.178000	-5.749448
1.179000	-5.809446
1.180000	-5.746025
1.181000	-5.557007
1.182000	-5.212141
1.183000	-4.686099
1.184000	-3.995112
1.185000	-3.173135
1.186000	-2.204978
1.187000	-1.030275
1.188000	0.388072
1.189000	2.009849
1.190000	3.709534
1.191000	5.329193
1.192000	6.721539
1.193000	7.771834
1.194000	8.407171
1.195000	8.599024
1.196000	8.359986
1.197000	7.734101
1.198000	6.784538
1.199000	5.582905
1.200000	4.201844
1.201000	2.712973
1.202000	1.185887
1.203000	-0.314959
1.204000	-1.734894
1.205000	-3.032239
1.206000	-4.178140
1.207000	-5.154209
1.208000	-5.948851
1.209000	-6.556768
1.210000	-6.979794
1.211000	-7.226167
1.212000	-7.309661
1.213000	-7.246582
1.214000	-7.052122
1.215000	-6.740957
1.216000	-6.328133
1.217000	-5.829900
1.218000	-5.264495
1.219000	-4.631585
1.220000	-3.902398
1.221000	-3.062270
1.222000	-2.131191
1.223000	-1.122910
1.224000	-0.036708
1.225000	1.103519
1.226000	2.266429
1.227000	3.445874
1.228000	4.617885
1.229000	5.714934
1.230000	6.656986
1.231000	7.376925
1.232000	7.828798
1.233000	7.986673
1.234000	7.845383
1.235000	7.421013
1.236000	6.746620
1.237000	5.866352
1.238000	4.829574
1.239000	3.686926
1.240000	2.489373
1.241000	1.289131
1.242000	0.138091
1.243000	-0.921944
1.244000	-1.866480
1.245000	-2.684361
1.246000	-3.370655
1.247000	-3.924660
1.248000	-4.349971
1.249000	-4.650413
1.250000	-4.828813
1.251000	-4.888517
1.252000	-4.834364
1.253000	-4.675055
1.254000	-4.423383
1.255000	-4.093281
1.256000	-3.698057
1.257000	-3.251379
1.258000	-2.761765
1.259000	-2.181339
1.260000	-1.408658
1.261000	-0.402808
1.262000	0.777552
1.263000	2.026232
1.264000	3.229398
1.265000	4.287345
1.266000	5.127080
1.267000	5.706308
1.268000	6.006398
1.269000	6.026918
1.270000	5.785631
1.271000	5.315541
1.272000	4.658234
1.273000	3.859059
1.274000	2.964343
1.275000	2.019194
1.276000	1.065490
1.277000	0.138665
1.278000	-0.731405
1.279000	-1.518941
1.280000	-2.205133
1.281000	-2.777292
1.282000	-3.227617
1.283000	-3.555115
1.284000	-3.761912
1.285000	-3.832701
1.286000	-3.742780
1.287000	-3.493987
1.288000	-3.117360
1.289000	-2.656985
1.290000	-2.157984
1.291000	-1.658387
1.292000	-1.167558
1.293000	-0.665039
1.294000	-0.127538
1.295000	0.475821
1.296000	1.156724
1.297000	1.872578
1.298000	2.552439
1.299000	3.128414
1.300000	3.551042
1.301000	3.790098
1.302000	3.829888
1.303000	3.668372
1.304000	3.318940
1.305000	2.808547
1.306000	2.172906
1.307000	1.451556
1.308000	0.683677
1.309000	-0.093986
1.310000	-0.849379
1.311000	-1.556237
1.312000	-2.193865
1.313000	-2.746867
1.314000	-3.203628
1.315000	-3.555396
1.316000	-3.799965
1.317000	-3.943057
1.318000	-3.992498
1.319000	-3.953626
1.320000	-3.829257
1.321000	-3.623397
1.322000	-3.344939
1.323000	-3.005040
1.324000	-2.598896
1.325000	-2.085263
1.326000	-1.413695
1.327000	-0.582784
1.328000	0.353113
1.329000	1.316666
1.330000	2.228982
1.331000	3.032464
1.332000	3.726727
1.333000	4.338393
1.334000	4.861067
1.335000	5.261872
1.336000	5.506136
1.337000	5.568374
1.338000	5.435042
1.339000	5.104169
1.340000	4.584762
1.341000	3.897120
1.342000	3.074718
1.343000	2.159860
1.344000	1.192281
1.345000	0.204296
1.346000	-0.773254
1.347000	-1.706764
1.348000	-2.564578
1.349000	-3.321870
1.350000	-3.961506
1.351000	-4.471897
1.352000	-4.846215
1.353000	-5.082543
1.354000	-5.183875
1.355000	-5.159664
1.356000	-5.024579
1.357000	-4.794565
1.358000	-4.477344
1.359000	-4.054226
1.360000	-3.501937
1.361000	-2.807397
1.362000	-1.964755
1.363000	-1.007024
1.364000	-0.004369
1.365000	0.966200
1.366000	1.838824
1.367000	2.584345
1.368000	3.230323
1.369000	3.808405
1.370000	4.307725
1.371000	4.693264
1.372000	4.925663
1.373000	4.975848
1.374000	4.833873
1.375000	4.506710
1.376000	4.011544
1.377000	3.374267
1.378000	2.628447
1.379000	1.810416
1.380000	0.955291
1.381000	0.096834
1.382000	-0.733253
1.383000	-1.506649
1.384000	-2.199332
1.385000	-2.793230
1.386000	-3.277397
1.387000	-3.648234
1.388000	-3.907017
1.389000	-4.058222
1.390000	-4.110663
1.391000	-4.076373
1.392000	-3.967514
1.393000	-3.795547
1.394000	-3.570824
1.395000	-3.300077
1.396000	-2.986932
1.397000	-2.635906
1.398000	-2.253272
1.399000	-1.845869
1.400000	-1.423024
1.401000	-0.998902
1.402000	-0.589503
1.403000	-0.206476
1.404000	0.144758
1.405000	0.478961
1.406000	0.842090
1.407000	1.269668
1.408000	1.756027
1.409000	2.272091
1.410000	2.780660
1.411000	3.244308
1.412000	3.630831
1.413000	3.916595
1.414000	4.085865
1.415000	4.130731
1.416000	4.053837
1.417000	3.867936
1.418000	3.591624
1.419000	3.245167
1.420000	2.849074
1.421000	2.422749
1.422000	1.982205
1.423000	1.540973
1.424000	1.111810
1.425000	0.706321
1.426000	0.335926
1.427000	0.013624
1.428000	-0.231899
1.429000	-0.366950
1.430000	-0.389119
1.431000	-0.325358
1.432000	-0.211213
1.433000	-0.080905
1.434000	0.036401
1.435000	0.117990
1.436000	0.150418
1.437000	0.129663
1.438000	0.056146
1.439000	-0.067010
1.440000	-0.210844
1.441000	-0.313222
1.442000	-0.331776
1.443000	-0.270806
1.444000	-0.158604
1.445000	-0.032083
1.446000	0.070769
1.447000	0.118923
1.448000	0.095232
1.449000	-0.005093
1.450000	-0.180169
1.451000	-0.422681
1.452000	-0.719252
1.453000	-1.051692
1.454000	-1.402112
1.455000	-1.754128
1.456000	-2.089458
1.457000	-2.388192
1.458000	-2.631982
1.459000	-2.808613
1.460000	-2.914370
1.461000	-2.952623
1.462000	-2.920449
1.463000	-2.786636
1.464000	-2.516937
1.465000	-2.115302
1.466000	-1.619974
1.467000	-1.082795
1.468000	-0.552895
1.469000	-0.070208
1.470000	0.335716
1.471000	0.649065
1.472000	0.869456
1.473000	1.010155
1.474000	1.119605
1.475000	1.267035
1.476000	1.482706
1.477000	1.746504
1.478000	2.015254
1.479000	2.243991
1.480000	2.394634
1.481000	2.441426
1.482000	2.372371
1.483000	2.187454
1.484000	1.899646
1.485000	1.531126
1.486000	1.105097
1.487000	0.643731
1.488000	0.170150
1.489000	-0.292113
1.490000	-0.722596
1.491000	-1.106484
1.492000	-1.432965
1.493000	-1.693515
1.494000	-1.883706
1.495000	-2.003089
1.496000	-2.054906
1.497000	-2.047462
1.498000	-1.983144
1.499000	-1.834343
1.500000	-1.568298
1.501000	-1.188157
1.502000	-0.725274
1.503000	-0.221768
1.504000	0.279813
1.505000	0.741345
1.506000	1.149187
1.507000	1.544074
1.508000	1.971546
1.509000	2.420956
1.510000	2.843550
1.511000	3.182915
1.512000	3.392496
1.513000	3.444110
1.514000	3.329239
1.515000	3.056959
1.516000	2.649122
1.517000	2.133007
1.518000	1.538089
1.519000	0.894730
1.520000	0.231510
1.521000	-0.426976
1.522000	-1.059116
1.523000	-1.644735
1.524000	-2.166891
1.525000	-2.615223
1.526000	-2.985260
1.527000	-3.276739
1.528000	-3.492606
1.529000	-3.633056
1.530000	-3.692740
1.531000	-3.666797
1.532000	-3.556906
1.533000	-3.372992
1.534000	-3.119712
1.535000	-2.772375
1.536000	-2.307150
1.537000	-1.741301
1.538000	-1.119794
1.539000	-0.493127
1.540000	0.095435
1.541000	0.613624
1.542000	1.037065
1.543000	1.349560
1.544000	1.548089
1.545000	1.642281
1.546000	1.647452
1.547000	1.580378
1.548000	1.457515
1.549000	1.293316
1.550000	1.104448
1.551000	0.910340
1.552000	0.725092
1.553000	0.552475
1.554000	0.393670
1.555000	0.254345
1.556000	0.139276
1.557000	0.045254
1.558000	-0.037025
1.559000	-0.114156
1.560000	-0.186778
1.561000	-0.251852
1.562000	-0.303854
1.563000	-0.337529
1.564000	-0.350572
1.565000	-0.343082
1.566000	-0.315618
1.567000	-0.268330
1.568000	-0.200625
1.569000	-0.111793
1.570000	-0.001498
1.571000	0.128516
1.572000	0.271393
1.573000	0.417815
1.574000	0.562203
1.575000	0.728726
1.576000	0.964388
1.577000	1.285796
1.578000	1.668631
1.579000	2.070133
1.580000	2.445048
1.581000	2.753252
1.582000	2.962409
1.583000	3.050101
1.584000	3.005043
1.585000	2.829307
1.586000	2.536595
1.587000	2.145191
1.588000	1.674037
1.589000	1.143217
1.590000	0.577566
1.591000	0.007143
1.592000	-0.538336
1.593000	-1.035830
1.594000	-1.470746
1.595000	-1.833620
1.596000	-2.118901
1.597000	-2.328024
1.598000	-2.467933
1.599000	-2.544490
1.600000	-2.562397
1.601000	-2.530046
1.602000	-2.460062
1.603000	-2.362779
1.604000	-2.240091
1.605000	-2.089139
1.606000	-1.909689
1.607000	-1.705806
1.608000	-1.483326
1.609000	-1.247682
1.610000	-1.005510
1.611000	-0.765303
1.612000	-0.518976
1.613000	-0.219580
1.614000	0.176152
1.615000	0.662886
1.616000	1.203541
1.617000	1.751041
1.618000	2.258217
1.619000	2.681720
1.620000	2.985933
1.621000	3.148827
1.622000	3.165420
1.623000	3.045511
1.624000	2.806920
1.625000	2.470264
1.626000	2.058808
1.627000	1.597040
1.628000	1.108751
1.629000	0.615504
1.630000	0.135150
1.631000	-0.319130
1.632000	-0.738788
1.633000	-1.115815
1.634000	-1.442318
1.635000	-1.715001
1.636000	-1.933841
1.637000	-2.099711
1.638000	-2.213590
1.639000	-2.275561
1.640000	-2.287134
1.641000	-2.250067
1.642000	-2.142676
1.643000	-1.928445
1.644000	-1.598617
1.645000	-1.178903
1.646000	-0.713907
1.647000	-0.250717
1.648000	0.172364
1.649000	0.529956
1.650000	0.807552
1.651000	0.998339
1.652000	1.099844
1.653000	1.113687
1.654000	1.048787
1.655000	0.920479
1.656000	0.747677
1.657000	0.551615
1.658000	0.351837
1.659000	0.163842
1.660000	-0.000447
1.661000	-0.132486
1.662000	-0.226343
1.663000	-0.280675
1.664000	-0.299263
1.665000	-0.287961
1.666000	-0.253437
1.667000	-0.202371
1.668000	-0.140485
1.669000	-0.074746
1.670000	-0.013360
1.671000	0.036170
1.672000	0.069105
1.673000	0.084519
1.674000	0.083409
1.675000	0.066105
1.676000	0.031907
1.677000	-0.018535
1.678000	-0.082267
1.679000	-0.155185
1.680000	-0.230626
1.681000	-0.299102
1.682000	-0.352236
1.683000	-0.384738
1.684000	-0.392738
1.685000	-0.351193
1.686000	-0.217404
1.687000	0.020971
1.688000	0.336945
1.689000	0.689178
1.690000	1.035000
1.691000	1.334665
1.692000	1.556764
1.693000	1.682521
1.694000	1.704964
1.695000	1.627480
1.696000	1.460670
1.697000	1.219545
1.698000	0.923445
1.699000	0.594103
1.700000	0.252665
1.701000	-0.084190
1.702000	-0.407415
1.703000	-0.711970
1.704000	-0.992302
1.705000	-1.242388
1.706000	-1.454808
1.707000	-1.620680
1.708000	-1.734104
1.709000	-1.794759
1.710000	-1.806391
1.711000	-1.775160
1.712000	-1.707582
1.713000	-1.609823
1.714000	-1.486680
1.715000	-1.342353
1.716000	-1.183382
1.717000	-1.018379
1.718000	-0.854591
1.719000	-0.695067
1.720000	-0.524353
1.721000	-0.294604
1.722000	0.032152
1.723000	0.447090
1.724000	0.912431
1.725000	1.383064
1.726000	1.818332
1.727000	2.187923
1.728000	2.472640
1.729000	2.660081
1.730000	2.742537
1.731000	2.718769
1.732000	2.594148
1.733000	2.378809
1.734000	2.087375
1.735000	1.737012
1.736000	1.346883
1.737000	0.937008
1.738000	0.524586
1.739000	0.123530
1.740000	-0.253352
1.741000	-0.594409
1.742000	-0.892972
1.743000	-1.150089
1.744000	-1.371383
1.745000	-1.557968
1.746000	-1.700095
1.747000	-1.782902
1.748000	-1.795906
1.749000	-1.739009
1.750000	-1.626209
1.751000	-1.479223
1.752000	-1.315908
1.753000	-1.147638
1.754000	-0.982128
1.755000	-0.826233
1.756000	-0.686306
1.757000	-0.567650
1.758000	-0.475852
1.759000	-0.413984
1.760000	-0.380224
1.761000	-0.368468
1.762000	-0.366597
1.763000	-0.358726
1.764000	-0.330498
1.765000	-0.271123
1.766000	-0.176506
1.767000	-0.051419
1.768000	0.093694
1.769000	0.246905
1.770000	0.395345
1.771000	0.526011
1.772000	0.629066
1.773000	0.699369
1.774000	0.736214
1.775000	0.740927
1.776000	0.714560
1.777000	0.659390
1.778000	0.582953
1.779000	0.495999
1.780000	0.405514
1.781000	0.312419
1.782000	0.214205
1.783000	0.110024
1.784000	0.003071
1.785000	-0.099864
1.786000	-0.189628
1.787000	-0.257573
1.788000	-0.297601
1.789000	-0.306858
1.790000	-0.285356
1.791000	-0.235671
1.792000	-0.163340
1.793000	-0.076562
1.794000	0.014231
1.795000	0.097711
1.796000	0.164479
1.797000	0.208597
1.798000	0.227784
1.799000	0.223646
1.800000	0.202112
1.801000	0.172748
1.802000	0.144761
1.803000	0.124622
1.804000	0.117687
1.805000	0.126989
1.806000	0.152528
1.807000	0.194468
1.808000	0.251604
1.809000	0.319650
1.810000	0.392273
1.811000	0.461173
1.812000	0.519894
1.813000	0.566612
1.814000	0.601186
1.815000	0.621850
1.816000	0.625139
1.817000	0.608017
1.818000	0.568796
1.819000	0.507963
1.820000	0.428685
1.821000	0.334568
1.822000	0.231138
1.823000	0.125903
1.824000	0.023910
1.825000	-0.072035
1.826000	-0.160580
1.827000	-0.242284
1.828000	-0.317906
1.829000	-0.386803
1.830000	-0.447498
1.831000	-0.497829
1.832000	-0.535248
1.833000	-0.556826
1.834000	-0.561475
1.835000	-0.552147
1.836000	-0.533216
1.837000	-0.508008
1.838000	-0.476783
1.839000	-0.436313
1.840000	-0.384369
1.841000	-0.323868
1.842000	-0.260452
1.843000	-0.197596
1.844000	-0.134045
1.845000	-0.065324
1.846000	0.012415
1.847000	0.098390
1.848000	0.186511
1.849000	0.268387
1.850000	0.337185
1.851000	0.389469
1.852000	0.424306
1.853000	0.442629
1.854000	0.445923
1.855000	0.436388
1.856000	0.419542
1.857000	0.404448
1.858000	0.399918
1.859000	0.409703
1.860000	0.431372
1.861000	0.459221
1.862000	0.487331
1.863000	0.510004
1.864000	0.521930
1.865000	0.519168
1.866000	0.499374
1.867000	0.461289
1.868000	0.403591
1.869000	0.325703
1.870000	0.230628
1.871000	0.125814
1.872000	0.022028
1.873000	-0.070837
1.874000	-0.149102
1.875000	-0.212871
1.876000	-0.261934
1.877000	-0.297997
1.878000	-0.326371
1.879000	-0.351840
1.880000	-0.374747
1.881000	-0.392898
1.882000	-0.406472
1.883000	-0.419247
1.884000	-0.434310
1.885000	-0.450728
1.886000	-0.463795
1.887000	-0.466487
1.888000	-0.453981
1.889000	-0.427006
1.890000	-0.388271
1.891000	-0.339435
1.892000	-0.280394
1.893000	-0.211014
1.894000	-0.136065
1.895000	-0.064025
1.896000	-0.002703
1.897000	0.041978
1.898000	0.067036
1.899000	0.071809
1.900000	0.057956
1.901000	0.030992
1.902000	-0.001045
1.903000	-0.032374
1.904000	-0.062702
1.905000	-0.094928
1.906000	-0.130189
1.907000	-0.166707
1.908000	-0.202986
1.909000	-0.239349
1.910000	-0.277447
1.911000	-0.319087
1.912000	-0.363894
1.913000	-0.409188
1.914000	-0.452278
1.915000	-0.490562
1.916000	-0.519925
1.917000	-0.537021
1.918000	-0.541140
1.919000	-0.532776
1.920000	-0.511722
1.921000	-0.478500
1.922000	-0.436346
1.923000	-0.387309
1.924000	-0.330366
1.925000	-0.266510
1.926000	-0.199616
1.927000	-0.132475
1.928000	-0.066586
1.929000	-0.004559
1.930000	0.051849
1.931000	0.102523
1.932000	0.146344
1.933000	0.184064
1.934000	0.220365
1.935000	0.260738
1.936000	0.307703
1.937000	0.359802
1.938000	0.412754
1.939000	0.459010
1.940000	0.490482
1.941000	0.504705
1.942000	0.505287
1.943000	0.499096
1.944000	0.491750
1.945000	0.485092
1.946000	0.477969
1.947000	0.465501
1.948000	0.441783
1.949000	0.403169
1.950000	0.348547
1.951000	0.281603
1.952000	0.210795
1.953000	0.145519
1.954000	0.093894
1.955000	0.059514
1.956000	0.040560
1.957000	0.033641
1.958000	0.035572
1.959000	0.043442
1.960000	0.054471
1.961000	0.064458
1.962000	0.065794
1.963000	0.050689
1.964000	0.016269
1.965000	-0.034228
1.966000	-0.090657
1.967000	-0.138841
1.968000	-0.168351
1.969000	-0.177254
1.970000	-0.169734
1.971000	-0.153155
1.972000	-0.137205
1.973000	-0.130560
1.974000	-0.136111
1.975000	-0.149503
1.976000	-0.162645
1.977000	-0.167072
1.978000	-0.156395
1.979000	-0.128892
1.980000	-0.086848
1.981000	-0.035469
1.982000	0.018377
1.983000	0.069105
1.984000	0.112663
1.985000	0.146695
1.986000	0.171088
1.987000	0.185422
1.988000	0.189251
1.989000	0.184485
1.990000	0.172469
1.991000	0.152108
1.992000	0.124356
1.993000	0.093643
1.994000	0.061885
1.995000	0.025693
1.996000	-0.021115
1.997000	-0.084751
1.998000	-0.167097
1.999000	-0.260718
2.000000	-0.352070
2.001000	-0.430239
2.002000	-0.489316
2.003000	-0.524856
2.004000	-0.531652
2.005000	-0.505341
2.006000	-0.444222
2.007000	-0.350071
2.008000	-0.225945
2.009000	-0.075106
2.010000	0.096249
2.011000	0.277813
2.012000	0.457581
2.013000	0.624705
2.014000	0.769910
2.015000	0.884032
2.016000	0.958591
2.017000	0.987808
2.018000	0.968707
2.019000	0.901591
2.020000	0.792414
2.021000	0.652274
2.022000	0.493629
2.023000	0.329824
2.024000	0.173851
2.025000	0.034869
2.026000	-0.083502
2.027000	-0.180871
2.028000	-0.257741
2.029000	-0.315813
2.030000	-0.356512
2.031000	-0.378531
2.032000	-0.379896
2.033000	-0.362558
2.034000	-0.331598
2.035000	-0.292103
2.036000	-0.248735
2.037000	-0.206643
2.038000	-0.171803
2.039000	-0.151031
2.040000	-0.149490
2.041000	-0.167641
2.042000	-0.201717
2.043000	-0.246170
2.044000	-0.293883
2.045000	-0.336819
2.046000	-0.369363
2.047000	-0.387910
2.048000	-0.390084
2.049000	-0.373897
2.050000	-0.337948
2.051000	-0.284659
2.052000	-0.220222
2.053000	-0.151273
2.054000	-0.083763
2.055000	-0.023955
2.056000	0.023268
2.057000	0.055922
2.058000	0.074164
2.059000	0.079132
2.060000	0.071858
2.061000	0.052411
2.062000	0.020988
2.063000	-0.019739
2.064000	-0.064428
2.065000	-0.107816
2.066000	-0.147126
2.067000	-0.179459
2.068000	-0.200980
2.069000	-0.210383
2.070000	-0.208479
2.071000	-0.195416
2.072000	-0.171753
2.073000	-0.140295
2.074000	-0.104179
2.075000	-0.065146
2.076000	-0.022249
2.077000	0.025640
2.078000	0.075538
2.079000	0.120942
2.080000	0.154262
2.081000	0.170789
2.082000	0.172582
2.083000	0.166052
2.084000	0.156342
2.085000	0.146077
2.086000	0.137939
2.087000	0.133332
2.088000	0.131711
2.089000	0.133680
2.090000	0.142513
2.091000	0.162456
2.092000	0.193904
2.093000	0.231751
2.094000	0.271612
2.095000	0.314184
2.096000	0.360270
2.097000	0.408120
2.098000	0.455287
2.099000	0.498426
2.100000	0.532561
2.101000	0.546664
