0.000000	0.000000
0.001000	-0.000001
0.002000	-0.000002
0.003000	-0.000003
0.004000	-0.000005
0.005000	-0.000009
0.006000	-0.000015
0.007000	-0.000026
0.008000	-0.000043
0.009000	-0.000072
0.010000	-0.000118
0.011000	-0.000191
0.012000	-0.000309
0.013000	-0.000494
0.014000	-0.000786
0.015000	-0.001243
0.016000	-0.001951
0.017000	-0.003042
0.018000	-0.004710
0.019000	-0.007242
0.020000	-0.011053
0.021000	-0.016733
0.022000	-0.025113
0.023000	-0.037324
0.024000	-0.054860
0.025000	-0.079589
0.026000	-0.113649
0.027000	-0.159070
0.028000	-0.216843
0.029000	-0.284932
0.030000	-0.354429
0.031000	-0.402873
0.032000	-0.384251
0.033000	-0.218074
0.034000	0.211949
0.035000	1.025394
0.036000	2.249502
0.037000	3.677821
0.038000	4.818743
0.039000	5.114741
0.040000	4.354131
0.041000	2.859229
0.042000	1.221343
0.043000	-0.107886
0.044000	-0.981351
0.045000	-1.466569
0.046000	-1.698920
0.047000	-1.795387
0.048000	-1.831349
0.049000	-1.847571
0.050000	-1.863616
0.051000	-1.888734
0.052000	-1.928609
0.053000	-1.986837
0.054000	-2.060825
0.055000	-2.134714
0.056000	-2.172000
0.057000	-2.107873
0.058000	-1.842318
0.059000	-1.246230
0.060000	-0.211296
0.061000	1.229639
0.062000	2.762751
0.063000	3.813739
0.064000	3.869572
0.065000	2.884665
0.066000	1.324727
0.067000	-0.207608
0.068000	-1.341552
0.069000	-2.008023
0.070000	-2.309346
0.071000	-2.384568
0.072000	-2.343316
0.073000	-2.252176
0.074000	-2.145604
0.075000	-2.042864
0.076000	-1.958494
0.077000	-1.901173
0.078000	-1.864846
0.079000	-1.818520
0.080000	-1.697009
0.081000	-1.394150
0.082000	-0.769712
0.083000	0.302264
0.084000	1.816642
0.085000	3.490087
0.086000	4.750233
0.087000	5.027773
0.088000	4.189012
0.089000	2.651669
0.090000	1.043313
0.091000	-0.204498
0.092000	-0.975628
0.093000	-1.355580
0.094000	-1.488493
0.095000	-1.499463
0.096000	-1.473237
0.097000	-1.458286
0.098000	-1.475312
0.099000	-1.519279
0.100000	-1.551157
0.101000	-1.480918
0.102000	-1.148911
0.103000	-0.324661
0.104000	1.235665
0.105000	3.619684
0.106000	6.496374
0.107000	8.985251
0.108000	9.990883
0.109000	8.945591
0.110000	6.279102
0.111000	3.078913
0.112000	0.321669
0.113000	-1.571098
0.114000	-2.655496
0.115000	-3.181743
0.116000	-3.388605
0.117000	-3.434441
0.118000	-3.408679
0.119000	-3.362481
0.120000	-3.327847
0.121000	-3.321822
0.122000	-3.345257
0.123000	-3.384448
0.124000	-3.414821
0.125000	-3.399108
0.126000	-3.275236
0.127000	-2.940303
0.128000	-2.252719
0.129000	-1.089635
0.130000	0.515055
0.131000	2.215450
0.132000	3.382376
0.133000	3.463578
0.134000	2.425367
0.135000	0.788789
0.136000	-0.786388
0.137000	-1.902831
0.138000	-2.498124
0.139000	-2.698553
0.140000	-2.666746
0.141000	-2.525528
0.142000	-2.344578
0.143000	-2.157931
0.144000	-1.985326
0.145000	-1.840520
0.146000	-1.726991
0.147000	-1.632652
0.148000	-1.529340
0.149000	-1.370841
0.150000	-1.083066
0.151000	-0.554093
0.152000	0.351526
0.153000	1.721583
0.154000	3.456996
0.155000	5.146266
0.156000	6.153823
0.157000	6.014557
0.158000	4.819391
0.159000	3.148776
0.160000	1.625491
0.161000	0.571443
0.162000	-0.002267
0.163000	-0.232794
0.164000	-0.270846
0.165000	-0.229760
0.166000	-0.184982
0.167000	-0.183526
0.168000	-0.247587
0.169000	-0.376066
0.170000	-0.549856
0.171000	-0.737533
0.172000	-0.891404
0.173000	-0.927374
0.174000	-0.694762
0.175000	0.039338
0.176000	1.542657
0.177000	3.945489
0.178000	6.949056
0.179000	9.639280
0.180000	10.800458
0.181000	9.740430
0.182000	6.872542
0.183000	3.373435
0.184000	0.318698
0.185000	-1.818095
0.186000	-3.077004
0.187000	-3.708386
0.188000	-3.965971
0.189000	-4.038028
0.190000	-4.046186
0.191000	-4.058497
0.192000	-4.101391
0.193000	-4.172748
0.194000	-4.257318
0.195000	-4.339497
0.196000	-4.408806
0.197000	-4.459115
0.198000	-4.483623
0.199000	-4.464886
0.200000	-4.360365
0.201000	-4.088624
0.202000	-3.526706
0.203000	-2.538126
0.204000	-1.059440
0.205000	0.752956
0.206000	2.422378
0.207000	3.305303
0.208000	3.022966
0.209000	1.779485
0.210000	0.189045
0.211000	-1.183719
0.212000	-2.092329
0.213000	-2.561190
0.214000	-2.719147
0.215000	-2.677162
0.216000	-2.477234
0.217000	-2.085369
0.218000	-1.411488
0.219000	-0.367358
0.220000	1.017254
0.221000	2.465403
0.222000	3.479016
0.223000	3.655424
0.224000	3.089327
0.225000	2.423464
0.226000	2.455011
0.227000	3.648795
0.228000	5.849766
0.229000	8.268976
0.230000	9.801986
0.231000	9.622159
0.232000	7.681483
0.233000	4.704910
0.234000	1.681868
0.235000	-0.691735
0.236000	-2.210166
0.237000	-3.009671
0.238000	-3.338826
0.239000	-3.415757
0.240000	-3.383370
0.241000	-3.319000
0.242000	-3.260777
0.243000	-3.228425
0.244000	-3.232428
0.245000	-3.274939
0.246000	-3.345199
0.247000	-3.412059
0.248000	-3.418313
0.249000	-3.277871
0.250000	-2.874978
0.251000	-2.078809
0.252000	-0.806335
0.253000	0.846692
0.254000	2.478871
0.255000	3.458917
0.256000	3.310538
0.257000	2.107711
0.258000	0.425955
0.259000	-1.105582
0.260000	-2.164287
0.261000	-2.751511
0.262000	-3.019238
0.263000	-3.120806
0.264000	-3.153574
0.265000	-3.155916
0.266000	-3.111022
0.267000	-2.940905
0.268000	-2.493644
0.269000	-1.539042
0.270000	0.182392
0.271000	2.788540
0.272000	5.964823
0.273000	8.783289
0.274000	10.028794
0.275000	9.035452
0.276000	6.266230
0.277000	2.959961
0.278000	0.268208
0.279000	-1.236423
0.280000	-1.487828
0.281000	-0.694366
0.282000	0.742196
0.283000	2.201894
0.284000	2.969747
0.285000	2.611783
0.286000	1.285679
0.287000	-0.404341
0.288000	-1.870324
0.289000	-2.846482
0.290000	-3.363373
0.291000	-3.571147
0.292000	-3.604662
0.293000	-3.544716
0.294000	-3.438010
0.295000	-3.319437
0.296000	-3.213111
0.297000	-3.127703
0.298000	-3.062093
0.299000	-3.013801
0.300000	-2.979023
0.301000	-2.948559
0.302000	-2.906903
0.303000	-2.829955
0.304000	-2.673648
0.305000	-2.358951
0.306000	-1.770489
0.307000	-0.785781
0.308000	0.645960
0.309000	2.371198
0.310000	3.936996
0.311000	4.732035
0.312000	4.398455
0.313000	3.142417
0.314000	1.569234
0.315000	0.231826
0.316000	-0.634578
0.317000	-1.051808
0.318000	-1.104804
0.319000	-0.802948
0.320000	-0.055290
0.321000	1.254838
0.322000	3.126502
0.323000	5.298718
0.324000	7.249752
0.325000	8.409949
0.326000	8.419800
0.327000	7.245884
0.328000	5.206807
0.329000	2.930584
0.330000	1.129820
0.331000	0.292185
0.332000	0.506228
0.333000	1.435196
0.334000	2.397169
0.335000	2.652642
0.336000	1.856136
0.337000	0.274736
0.338000	-1.484837
0.339000	-2.931925
0.340000	-3.897394
0.341000	-4.447925
0.342000	-4.721340
0.343000	-4.828529
0.344000	-4.833627
0.345000	-4.771021
0.346000	-4.667293
0.347000	-4.553170
0.348000	-4.459321
0.349000	-4.402651
0.350000	-4.378035
0.351000	-4.362101
0.352000	-4.325001
0.353000	-4.243114
0.354000	-4.102556
0.355000	-3.884342
0.356000	-3.536946
0.357000	-2.958380
0.358000	-2.014595
0.359000	-0.620750
0.360000	1.119284
0.361000	2.832304
0.362000	4.048005
0.363000	4.578372
0.364000	4.665223
0.365000	4.625543
0.366000	4.421103
0.367000	3.736635
0.368000	2.457013
0.369000	0.919189
0.370000	-0.306831
0.371000	-0.762360
0.372000	-0.256239
0.373000	1.119128
0.374000	2.991854
0.375000	4.800786
0.376000	6.057525
0.377000	6.573833
0.378000	6.364470
0.379000	5.413908
0.380000	3.733904
0.381000	1.597274
0.382000	-0.497472
0.383000	-2.114705
0.384000	-3.056743
0.385000	-3.304005
0.386000	-2.886461
0.387000	-1.852925
0.388000	-0.373272
0.389000	1.132285
0.390000	2.046360
0.391000	1.897169
0.392000	0.727055
0.393000	-0.935041
0.394000	-2.479058
0.395000	-3.558788
0.396000	-4.131402
0.397000	-4.319915
0.398000	-4.284828
0.399000	-4.160430
0.400000	-4.033468
0.401000	-3.941913
0.402000	-3.885474
0.403000	-3.839693
0.404000	-3.762935
0.405000	-3.592757
0.406000	-3.237701
0.407000	-2.577045
0.408000	-1.496368
0.409000	0.005950
0.410000	1.671249
0.411000	2.957381
0.412000	3.311310
0.413000	2.593756
0.414000	1.214806
0.415000	-0.177180
0.416000	-1.087436
0.417000	-1.299693
0.418000	-0.786842
0.419000	0.366774
0.420000	1.925762
0.421000	3.438528
0.422000	4.358148
0.423000	4.405500
0.424000	3.845849
0.425000	3.306911
0.426000	3.262350
0.427000	3.651338
0.428000	3.943307
0.429000	3.604745
0.430000	2.576710
0.431000	1.314863
0.432000	0.417994
0.433000	0.272184
0.434000	0.922140
0.435000	2.051975
0.436000	3.038255
0.437000	3.224244
0.438000	2.359582
0.439000	0.786882
0.440000	-0.857413
0.441000	-2.094439
0.442000	-2.790960
0.443000	-3.063806
0.444000	-3.107602
0.445000	-3.082064
0.446000	-3.075860
0.447000	-3.115321
0.448000	-3.188972
0.449000	-3.271972
0.450000	-3.340572
0.451000	-3.373686
0.452000	-3.348648
0.453000	-3.237273
0.454000	-2.997739
0.455000	-2.559201
0.456000	-1.816275
0.457000	-0.671489
0.458000	0.845537
0.459000	2.432247
0.460000	3.520663
0.461000	3.590552
0.462000	2.585114
0.463000	0.973703
0.464000	-0.617431
0.465000	-1.787036
0.466000	-2.445412
0.467000	-2.691347
0.468000	-2.668637
0.469000	-2.477519
0.470000	-2.138291
0.471000	-1.593484
0.472000	-0.743382
0.473000	0.473975
0.474000	1.954590
0.475000	3.337893
0.476000	4.134879
0.477000	4.104914
0.478000	3.540407
0.479000	3.090996
0.480000	3.251892
0.481000	3.971171
0.482000	4.669413
0.483000	4.668586
0.484000	3.718223
0.485000	2.142977
0.486000	0.507714
0.487000	-0.785656
0.488000	-1.622297
0.489000	-2.073939
0.490000	-2.267412
0.491000	-2.312856
0.492000	-2.286742
0.493000	-2.236885
0.494000	-2.188163
0.495000	-2.150461
0.496000	-2.132616
0.497000	-2.149836
0.498000	-2.214259
0.499000	-2.320853
0.500000	-2.442873
0.501000	-2.532394
0.502000	-2.515917
0.503000	-2.279535
0.504000	-1.647371
0.505000	-0.390715
0.506000	1.665476
0.507000	4.421418
0.508000	7.300214
0.509000	9.330576
0.510000	9.639131
0.511000	8.039001
0.512000	5.173756
0.513000	2.065910
0.514000	-0.491731
0.515000	-2.203445
0.516000	-3.148992
0.517000	-3.547607
0.518000	-3.615014
0.519000	-3.526751
0.520000	-3.414851
0.521000	-3.356208
0.522000	-3.365167
0.523000	-3.410061
0.524000	-3.444481
0.525000	-3.430306
0.526000	-3.343146
0.527000	-3.161245
0.528000	-2.841097
0.529000	-2.295017
0.530000	-1.400340
0.531000	-0.074033
0.532000	1.579303
0.533000	3.142144
0.534000	3.994010
0.535000	3.720702
0.536000	2.466902
0.537000	0.821531
0.538000	-0.626531
0.539000	-1.591062
0.540000	-2.078444
0.541000	-2.231507
0.542000	-2.194696
0.543000	-2.045420
0.544000	-1.775633
0.545000	-1.302936
0.546000	-0.509028
0.547000	0.677494
0.548000	2.151379
0.549000	3.533837
0.550000	4.278723
0.551000	4.030379
0.552000	2.932653
0.553000	1.533072
0.554000	0.397526
0.555000	-0.145029
0.556000	0.014127
0.557000	0.858467
0.558000	2.230467
0.559000	3.724118
0.560000	4.705404
0.561000	4.638562
0.562000	3.496915
0.563000	1.790110
0.564000	0.158517
0.565000	-1.017311
0.566000	-1.689570
0.567000	-1.998711
0.568000	-2.113485
0.569000	-2.147451
0.570000	-2.152154
0.571000	-2.149114
0.572000	-2.156586
0.573000	-2.189521
0.574000	-2.247571
0.575000	-2.317334
0.576000	-2.386471
0.577000	-2.444533
0.578000	-2.464808
0.579000	-2.386368
0.580000	-2.107779
0.581000	-1.495237
0.582000	-0.429830
0.583000	1.071157
0.584000	2.700985
0.585000	3.865912
0.586000	4.008936
0.587000	3.049214
0.588000	1.458026
0.589000	-0.123639
0.590000	-1.287307
0.591000	-1.944654
0.592000	-2.193562
0.593000	-2.178129
0.594000	-2.022941
0.595000	-1.817580
0.596000	-1.616798
0.597000	-1.443722
0.598000	-1.297373
0.599000	-1.163982
0.600000	-1.027111
0.601000	-0.875468
0.602000	-0.708570
0.603000	-0.534578
0.604000	-0.359037
0.605000	-0.177201
0.606000	0.017201
0.607000	0.213970
0.608000	0.382281
0.609000	0.490515
0.610000	0.531790
0.611000	0.530786
0.612000	0.528375
0.613000	0.557509
0.614000	0.626134
0.615000	0.718310
0.616000	0.809219
0.617000	0.877823
0.618000	0.911319
0.619000	0.906764
0.620000	0.870949
0.621000	0.817325
0.622000	0.762629
0.623000	0.726641
0.624000	0.736387
0.625000	0.834771
0.626000	1.094321
0.627000	1.626424
0.628000	2.548485
0.629000	3.868556
0.630000	5.327980
0.631000	6.379794
0.632000	6.471461
0.633000	5.470223
0.634000	3.782555
0.635000	2.024793
0.636000	0.620759
0.637000	-0.323373
0.638000	-0.901436
0.639000	-1.250894
0.640000	-1.475656
0.641000	-1.644091
0.642000	-1.804746
0.643000	-1.982997
0.644000	-2.169788
0.645000	-2.323960
0.646000	-2.380920
0.647000	-2.250408
0.648000	-1.815244
0.649000	-0.975355
0.650000	0.229644
0.651000	1.484399
0.652000	2.247414
0.653000	2.104146
0.654000	1.155173
0.655000	0.004176
0.656000	-0.657278
0.657000	-0.466160
0.658000	0.438812
0.659000	1.476473
0.660000	1.921488
0.661000	1.369643
0.662000	0.003524
0.663000	-1.622447
0.664000	-3.018439
0.665000	-3.982107
0.666000	-4.541185
0.667000	-4.811272
0.668000	-4.896995
0.669000	-4.846067
0.670000	-4.638035
0.671000	-4.196038
0.672000	-3.415697
0.673000	-2.228794
0.674000	-0.725296
0.675000	0.734476
0.676000	1.608142
0.677000	1.528544
0.678000	0.616683
0.679000	-0.622612
0.680000	-1.699287
0.681000	-2.397720
0.682000	-2.743483
0.683000	-2.848409
0.684000	-2.805673
0.685000	-2.667983
0.686000	-2.464712
0.687000	-2.215446
0.688000	-1.930739
0.689000	-1.614721
0.690000	-1.278096
0.691000	-0.948964
0.692000	-0.663611
0.693000	-0.437305
0.694000	-0.235095
0.695000	0.040097
0.696000	0.545752
0.697000	1.490399
0.698000	3.086887
0.699000	5.411216
0.700000	8.180427
0.701000	10.642152
0.702000	11.840214
0.703000	11.210531
0.704000	9.005455
0.705000	6.110322
0.706000	3.439209
0.707000	1.478162
0.708000	0.255663
0.709000	-0.435080
0.710000	-0.827166
0.711000	-1.077963
0.712000	-1.242598
0.713000	-1.280938
0.714000	-1.084065
0.715000	-0.528621
0.716000	0.425333
0.717000	1.611947
0.718000	2.629509
0.719000	3.063959
0.720000	2.893973
0.721000	2.653052
0.722000	3.044339
0.723000	4.277095
0.724000	5.711564
0.725000	6.210189
0.726000	5.022349
0.727000	2.392893
0.728000	-0.724389
0.729000	-3.438435
0.730000	-5.363428
0.731000	-6.543123
0.732000	-7.190986
0.733000	-7.505739
0.734000	-7.592993
0.735000	-7.448589
0.736000	-6.983636
0.737000	-6.092396
0.738000	-4.764876
0.739000	-3.215671
0.740000	-1.917654
0.741000	-1.396394
0.742000	-1.854346
0.743000	-2.992959
0.744000	-4.254589
0.745000	-5.208551
0.746000	-5.709266
0.747000	-5.812158
0.748000	-5.640374
0.749000	-5.309463
0.750000	-4.904425
0.751000	-4.479426
0.752000	-4.065452
0.753000	-3.678469
0.754000	-3.315989
0.755000	-2.936834
0.756000	-2.441235
0.757000	-1.676305
0.758000	-0.482098
0.759000	1.213853
0.760000	3.287274
0.761000	5.423879
0.762000	7.339811
0.763000	9.000152
0.764000	10.471145
0.765000	11.534197
0.766000	11.649171
0.767000	10.426409
0.768000	8.067397
0.769000	5.285458
0.770000	2.831769
0.771000	1.102653
0.772000	0.095098
0.773000	-0.402811
0.774000	-0.617160
0.775000	-0.696368
0.776000	-0.708081
0.777000	-0.676895
0.778000	-0.621504
0.779000	-0.567918
0.780000	-0.538891
0.781000	-0.532135
0.782000	-0.499292
0.783000	-0.337854
0.784000	0.084059
0.785000	0.844306
0.786000	1.833407
0.787000	2.682751
0.788000	2.928487
0.789000	2.393684
0.790000	1.437365
0.791000	0.771727
0.792000	1.005672
0.793000	2.263513
0.794000	4.043218
0.795000	5.392774
0.796000	5.436750
0.797000	3.958686
0.798000	1.520967
0.799000	-0.984479
0.800000	-2.876315
0.801000	-3.872804
0.802000	-3.965474
0.803000	-3.260184
0.804000	-1.961732
0.805000	-0.456772
0.806000	0.724113
0.807000	1.199010
0.808000	1.008838
0.809000	0.463875
0.810000	-0.281211
0.811000	-1.335990
0.812000	-2.759750
0.813000	-4.332281
0.814000	-5.704796
0.815000	-6.662495
0.816000	-7.196941
0.817000	-7.414445
0.818000	-7.434026
0.819000	-7.338241
0.820000	-7.166362
0.821000	-6.932213
0.822000	-6.644435
0.823000	-6.304669
0.824000	-5.886337
0.825000	-5.316226
0.826000	-4.465041
0.827000	-3.147515
0.828000	-1.168579
0.829000	1.519570
0.830000	4.564538
0.831000	7.107816
0.832000	8.172761
0.833000	7.428579
0.834000	5.556978
0.835000	3.735544
0.836000	2.763873
0.837000	2.628128
0.838000	2.719589
0.839000	2.420746
0.840000	1.574456
0.841000	0.476485
0.842000	-0.483924
0.843000	-1.108428
0.844000	-1.403747
0.845000	-1.458301
0.846000	-1.348563
0.847000	-1.108035
0.848000	-0.717664
0.849000	-0.103471
0.850000	0.827794
0.851000	2.085221
0.852000	3.457983
0.853000	4.491942
0.854000	4.722512
0.855000	4.037321
0.856000	2.794971
0.857000	1.568615
0.858000	0.811885
0.859000	0.726898
0.860000	1.298412
0.861000	2.337342
0.862000	3.503759
0.863000	4.417962
0.864000	4.881319
0.865000	4.975284
0.866000	4.870432
0.867000	4.620095
0.868000	4.258316
0.869000	3.970322
0.870000	3.923618
0.871000	3.924013
0.872000	3.445019
0.873000	2.116679
0.874000	0.112344
0.875000	-1.999750
0.876000	-3.684939
0.877000	-4.679532
0.878000	-4.949772
0.879000	-4.570292
0.880000	-3.680219
0.881000	-2.538237
0.882000	-1.569925
0.883000	-1.238727
0.884000	-1.746919
0.885000	-2.869922
0.886000	-4.143675
0.887000	-5.194096
0.888000	-5.883708
0.889000	-6.245006
0.890000	-6.365929
0.891000	-6.329166
0.892000	-6.199572
0.893000	-6.027757
0.894000	-5.851762
0.895000	-5.690877
0.896000	-5.536047
0.897000	-5.343215
0.898000	-5.029172
0.899000	-4.466706
0.900000	-3.485650
0.901000	-1.914208
0.902000	0.295122
0.903000	2.889022
0.904000	5.260295
0.905000	6.690864
0.906000	6.790506
0.907000	5.780441
0.908000	4.386973
0.909000	3.424614
0.910000	3.335940
0.911000	3.944752
0.912000	4.573216
0.913000	4.514795
0.914000	3.548481
0.915000	2.029239
0.916000	0.521527
0.917000	-0.574573
0.918000	-1.106757
0.919000	-1.065538
0.920000	-0.486692
0.921000	0.555036
0.922000	1.869656
0.923000	3.085906
0.924000	3.758384
0.925000	3.677068
0.926000	3.087082
0.927000	2.508614
0.928000	2.291106
0.929000	2.332257
0.930000	2.208038
0.931000	1.589107
0.932000	0.557324
0.933000	-0.460167
0.934000	-0.998476
0.935000	-0.783958
0.936000	0.195740
0.937000	1.674273
0.938000	3.142407
0.939000	4.060973
0.940000	4.183345
0.941000	3.633295
0.942000	2.626033
0.943000	1.252749
0.944000	-0.384470
0.945000	-1.994306
0.946000	-3.191425
0.947000	-3.716294
0.948000	-3.531153
0.949000	-2.806963
0.950000	-1.907849
0.951000	-1.321195
0.952000	-1.427915
0.953000	-2.244661
0.954000	-3.426868
0.955000	-4.544832
0.956000	-5.335742
0.957000	-5.744918
0.958000	-5.834500
0.959000	-5.698137
0.960000	-5.425887
0.961000	-5.093003
0.962000	-4.754261
0.963000	-4.446870
0.964000	-4.194261
0.965000	-4.000893
0.966000	-3.849691
0.967000	-3.712922
0.968000	-3.561942
0.969000	-3.355770
0.970000	-3.008257
0.971000	-2.351266
0.972000	-1.124203
0.973000	0.959840
0.974000	4.021177
0.975000	7.737005
0.976000	11.214295
0.977000	13.294220
0.978000	13.206827
0.979000	11.053762
0.980000	7.715677
0.981000	4.307266
0.982000	1.623547
0.983000	-0.074431
0.984000	-0.928660
0.985000	-1.235813
0.986000	-1.266237
0.987000	-1.193322
0.988000	-1.099002
0.989000	-1.011845
0.990000	-0.946877
0.991000	-0.925894
0.992000	-0.971451
0.993000	-1.087927
0.994000	-1.249795
0.995000	-1.406883
0.996000	-1.502517
0.997000	-1.492716
0.998000	-1.352660
0.999000	-1.063017
1.000000	-0.587317
1.001000	0.125502
1.002000	1.080377
1.003000	2.148341
1.004000	3.077635
1.005000	3.683944
1.006000	4.039235
1.007000	4.374589
1.008000	4.779927
1.009000	5.083288
1.010000	4.996750
1.011000	4.305310
1.012000	3.026050
1.013000	1.526149
1.014000	0.434926
1.015000	0.336357
1.016000	1.448382
1.017000	3.408036
1.018000	5.258573
1.019000	5.856152
1.020000	4.615983
1.021000	1.937409
1.022000	-1.167987
1.023000	-3.812998
1.024000	-5.623775
1.025000	-6.653733
1.026000	-7.134178
1.027000	-7.297825
1.028000	-7.308552
1.029000	-7.252549
1.030000	-7.157053
1.031000	-7.022678
1.032000	-6.854852
1.033000	-6.672590
1.034000	-6.489653
1.035000	-6.295355
1.036000	-6.060756
1.037000	-5.762010
1.038000	-5.395194
1.039000	-4.965592
1.040000	-4.448120
1.041000	-3.736934
1.042000	-2.636394
1.043000	-0.955974
1.044000	1.287036
1.045000	3.684974
1.046000	5.530776
1.047000	6.295962
1.048000	6.099894
1.049000	5.569912
1.050000	5.175416
1.051000	4.813971
1.052000	4.087797
1.053000	2.848670
1.054000	1.365773
1.055000	0.054155
1.056000	-0.817596
1.057000	-1.194376
1.058000	-1.164502
1.059000	-0.879431
1.060000	-0.493760
1.061000	-0.126187
1.062000	0.157311
1.063000	0.343233
1.064000	0.454490
1.065000	0.522353
1.066000	0.563437
1.067000	0.573276
1.068000	0.532071
1.069000	0.421346
1.070000	0.255205
1.071000	0.112337
1.072000	0.143646
1.073000	0.549334
1.074000	1.535163
1.075000	3.238020
1.076000	5.593529
1.077000	8.185470
1.078000	10.242992
1.079000	10.935956
1.080000	9.862489
1.081000	7.363406
1.082000	4.364885
1.083000	1.866511
1.084000	0.506861
1.085000	0.451325
1.086000	1.470565
1.087000	3.031191
1.088000	4.417278
1.089000	4.949806
1.090000	4.251760
1.091000	2.431369
1.092000	0.030583
1.093000	-2.298603
1.094000	-4.139085
1.095000	-5.396358
1.096000	-6.164145
1.097000	-6.575503
1.098000	-6.742340
1.099000	-6.756390
1.100000	-6.698751
1.101000	-6.635551
1.102000	-6.604171
1.103000	-6.604933
1.104000	-6.611228
1.105000	-6.593671
1.106000	-6.537721
1.107000	-6.442778
1.108000	-6.306543
1.109000	-6.102544
1.110000	-5.764612
1.111000	-5.194584
1.112000	-4.300081
1.113000	-3.065503
1.114000	-1.632840
1.115000	-0.289278
1.116000	0.732110
1.117000	1.494066
1.118000	2.319623
1.119000	3.432053
1.120000	4.634634
1.121000	5.377515
1.122000	5.171201
1.123000	3.987010
1.124000	2.295250
1.125000	0.723825
1.126000	-0.328991
1.127000	-0.815104
1.128000	-0.899726
1.129000	-0.772979
1.130000	-0.553984
1.131000	-0.294991
1.132000	-0.024604
1.133000	0.225232
1.134000	0.422932
1.135000	0.551272
1.136000	0.612651
1.137000	0.627328
1.138000	0.630617
1.139000	0.663935
1.140000	0.754261
1.141000	0.893672
1.142000	1.045945
1.143000	1.194645
1.144000	1.405000
1.145000	1.845424
1.146000	2.739908
1.147000	4.254283
1.148000	6.325346
1.149000	8.509696
1.150000	10.052076
1.151000	10.278792
1.152000	9.060001
1.153000	6.931599
1.154000	4.764110
1.155000	3.240764
1.156000	2.509894
1.157000	2.206312
1.158000	1.788011
1.159000	0.940033
1.160000	-0.264507
1.161000	-1.531177
1.162000	-2.601464
1.163000	-3.366016
1.164000	-3.835635
1.165000	-4.076693
1.166000	-4.166689
1.167000	-4.175443
1.168000	-4.162905
1.169000	-4.175728
1.170000	-4.235456
1.171000	-4.336030
1.172000	-4.461163
1.173000	-4.603216
1.174000	-4.763938
1.175000	-4.941231
1.176000	-5.116771
1.177000	-5.249190
1.178000	-5.269349
1.179000	-5.073009
1.180000	-4.507166
1.181000	-3.367244
1.182000	-1.461089
1.183000	1.209113
1.184000	4.214613
1.185000	6.668789
1.186000	7.624572
1.187000	6.706536
1.188000	4.397634
1.189000	1.680606
1.190000	-0.597464
1.191000	-2.081507
1.192000	-2.843664
1.193000	-3.130999
1.194000	-3.164405
1.195000	-3.066751
1.196000	-2.883447
1.197000	-2.628648
1.198000	-2.317745
1.199000	-1.979202
1.200000	-1.649274
1.201000	-1.356663
1.202000	-1.109658
1.203000	-0.894781
1.204000	-0.686588
1.205000	-0.464762
1.206000	-0.229321
1.207000	-0.000767
1.208000	0.192775
1.209000	0.324853
1.210000	0.375852
1.211000	0.348017
1.212000	0.281029
1.213000	0.245801
1.214000	0.325729
1.215000	0.608778
1.216000	1.180509
1.217000	2.089213
1.218000	3.288761
1.219000	4.623211
1.220000	5.916838
1.221000	7.100554
1.222000	8.205241
1.223000	9.214642
1.224000	9.953739
1.225000	10.108874
1.226000	9.366196
1.227000	7.629485
1.228000	5.174425
1.229000	2.552162
1.230000	0.284715
1.231000	-1.368190
1.232000	-2.413832
1.233000	-3.003420
1.234000	-3.315059
1.235000	-3.485228
1.236000	-3.590954
1.237000	-3.670495
1.238000	-3.751104
1.239000	-3.855839
1.240000	-3.991342
1.241000	-4.137979
1.242000	-4.252037
1.243000	-4.279981
1.244000	-4.188757
1.245000	-4.000703
1.246000	-3.799259
1.247000	-3.686457
1.248000	-3.716044
1.249000	-3.853430
1.250000	-3.995668
1.251000	-4.028336
1.252000	-3.859710
1.253000	-3.406111
1.254000	-2.570159
1.255000	-1.277342
1.256000	0.421060
1.257000	2.274075
1.258000	3.902762
1.259000	4.977847
1.260000	5.323166
1.261000	4.887652
1.262000	3.725024
1.263000	2.056722
1.264000	0.277690
1.265000	-1.206464
1.266000	-2.169915
1.267000	-2.608883
1.268000	-2.656806
1.269000	-2.480701
1.270000	-2.216525
1.271000	-1.950357
1.272000	-1.722252
1.273000	-1.530326
1.274000	-1.343766
1.275000	-1.135242
1.276000	-0.908136
1.277000	-0.691614
1.278000	-0.514673
1.279000	-0.386112
1.280000	-0.290166
1.281000	-0.198715
1.282000	-0.099200
1.283000	-0.014120
1.284000	0.021497
1.285000	0.011548
1.286000	0.026715
1.287000	0.189632
1.288000	0.642875
1.289000	1.508673
1.290000	2.819880
1.291000	4.436330
1.292000	6.027600
1.293000	7.179812
1.294000	7.553472
1.295000	6.998457
1.296000	5.640118
1.297000	3.884897
1.298000	2.225548
1.299000	0.970126
1.300000	0.156250
1.301000	-0.332641
1.302000	-0.629781
1.303000	-0.827932
1.304000	-0.979006
1.305000	-1.108785
1.306000	-1.229952
1.307000	-1.345859
1.308000	-1.445345
1.309000	-1.500341
1.310000	-1.472736
1.311000	-1.320537
1.312000	-1.001141
1.313000	-0.497907
1.314000	0.113446
1.315000	0.616688
1.316000	0.733769
1.317000	0.325514
1.318000	-0.480523
1.319000	-1.381056
1.320000	-2.092299
1.321000	-2.457672
1.322000	-2.435223
1.323000	-2.051065
1.324000	-1.396417
1.325000	-0.666922
1.326000	-0.141714
1.327000	-0.018081
1.328000	-0.224137
1.329000	-0.439053
1.330000	-0.331961
1.331000	0.191674
1.332000	0.896805
1.333000	1.337154
1.334000	1.165402
1.335000	0.405680
1.336000	-0.598518
1.337000	-1.486582
1.338000	-2.087375
1.339000	-2.399335
1.340000	-2.490724
1.341000	-2.444588
1.342000	-2.340986
1.343000	-2.242903
1.344000	-2.186482
1.345000	-2.179771
1.346000	-2.202646
1.347000	-2.209557
1.348000	-2.146244
1.349000	-1.977914
1.350000	-1.707044
1.351000	-1.360901
1.352000	-0.952679
1.353000	-0.445680
1.354000	0.243730
1.355000	1.188095
1.356000	2.359810
1.357000	3.583122
1.358000	4.594052
1.359000	5.159256
1.360000	5.136789
1.361000	4.502178
1.362000	3.423460
1.363000	2.281084
1.364000	1.515318
1.365000	1.413673
1.366000	1.986853
1.367000	2.940099
1.368000	3.749983
1.369000	3.917504
1.370000	3.294601
1.371000	2.168548
1.372000	0.998745
1.373000	0.096447
1.374000	-0.472821
1.375000	-0.790861
1.376000	-0.963255
1.377000	-1.067033
1.378000	-1.157404
1.379000	-1.278688
1.380000	-1.451577
1.381000	-1.659033
1.382000	-1.860051
1.383000	-2.020591
1.384000	-2.131678
1.385000	-2.207486
1.386000	-2.273220
1.387000	-2.345132
1.388000	-2.404517
1.389000	-2.384982
1.390000	-2.193124
1.391000	-1.755215
1.392000	-1.070447
1.393000	-0.260645
1.394000	0.421282
1.395000	0.703400
1.396000	0.512544
1.397000	0.093940
1.398000	-0.127918
1.399000	0.170930
1.400000	1.022772
1.401000	2.175209
1.402000	3.266429
1.403000	4.004839
1.404000	4.190244
1.405000	3.680184
1.406000	2.494549
1.407000	0.921685
1.408000	-0.610433
1.409000	-1.782592
1.410000	-2.495999
1.411000	-2.820649
1.412000	-2.900838
1.413000	-2.880777
1.414000	-2.851137
1.415000	-2.827548
1.416000	-2.777667
1.417000	-2.672003
1.418000	-2.507500
1.419000	-2.293067
1.420000	-2.034183
1.421000	-1.739418
1.422000	-1.432460
1.423000	-1.150302
1.424000	-0.930125
1.425000	-0.798449
1.426000	-0.766451
1.427000	-0.822237
1.428000	-0.920226
1.429000	-0.987032
1.430000	-0.953162
1.431000	-0.785595
1.432000	-0.487608
1.433000	-0.065196
1.434000	0.508141
1.435000	1.288576
1.436000	2.290464
1.437000	3.371619
1.438000	4.201251
1.439000	4.432919
1.440000	3.980438
1.441000	3.099446
1.442000	2.172275
1.443000	1.442863
1.444000	0.943701
1.445000	0.595067
1.446000	0.327181
1.447000	0.128657
1.448000	0.021282
1.449000	0.016247
1.450000	0.094293
1.451000	0.211865
1.452000	0.321924
1.453000	0.398361
1.454000	0.446265
1.455000	0.491051
1.456000	0.560121
1.457000	0.669804
1.458000	0.824440
1.459000	1.033434
1.460000	1.330045
1.461000	1.750044
1.462000	2.253044
1.463000	2.655289
1.464000	2.698465
1.465000	2.254141
1.466000	1.453376
1.467000	0.589809
1.468000	-0.069027
1.469000	-0.363599
1.470000	-0.220567
1.471000	0.348803
1.472000	1.183303
1.473000	1.930446
1.474000	2.166933
1.475000	1.669460
1.476000	0.586813
1.477000	-0.688568
1.478000	-1.802345
1.479000	-2.594659
1.480000	-3.074137
1.481000	-3.324859
1.482000	-3.434717
1.483000	-3.464998
1.484000	-3.448432
1.485000	-3.397785
1.486000	-3.314550
1.487000	-3.194245
1.488000	-3.035135
1.489000	-2.854437
1.490000	-2.691937
1.491000	-2.584619
1.492000	-2.534486
1.493000	-2.500604
1.494000	-2.414904
1.495000	-2.201195
1.496000	-1.787640
1.497000	-1.126573
1.498000	-0.244819
1.499000	0.690853
1.500000	1.384597
1.501000	1.576350
1.502000	1.250549
1.503000	0.660431
1.504000	0.141990
1.505000	-0.068751
1.506000	0.126278
1.507000	0.732012
1.508000	1.671705
1.509000	2.734160
1.510000	3.549770
1.511000	3.735433
1.512000	3.173160
1.513000	2.135704
1.514000	1.085329
1.515000	0.362433
1.516000	0.051008
1.517000	0.041052
1.518000	0.156707
1.519000	0.257903
1.520000	0.282851
1.521000	0.236222
1.522000	0.151927
1.523000	0.060167
1.524000	-0.023658
1.525000	-0.085161
1.526000	-0.088137
1.527000	0.032178
1.528000	0.348457
1.529000	0.896984
1.530000	1.613271
1.531000	2.280399
1.532000	2.585710
1.533000	2.324987
1.534000	1.581577
1.535000	0.669347
1.536000	-0.098524
1.537000	-0.575188
1.538000	-0.781421
1.539000	-0.820280
1.540000	-0.798798
1.541000	-0.790269
1.542000	-0.826175
1.543000	-0.892458
1.544000	-0.918747
1.545000	-0.776300
1.546000	-0.313650
1.547000	0.552978
1.548000	1.715677
1.549000	2.809241
1.550000	3.341211
1.551000	3.015915
1.552000	1.968291
1.553000	0.639611
1.554000	-0.555822
1.555000	-1.424298
1.556000	-1.960583
1.557000	-2.243568
1.558000	-2.370878
1.559000	-2.426758
1.560000	-2.457580
1.561000	-2.465796
1.562000	-2.435532
1.563000	-2.368560
1.564000	-2.293360
1.565000	-2.237912
1.566000	-2.198960
1.567000	-2.143103
1.568000	-2.028728
1.569000	-1.807151
1.570000	-1.398699
1.571000	-0.699776
1.572000	0.330743
1.573000	1.547966
1.574000	2.592195
1.575000	3.062617
1.576000	2.802210
1.577000	2.014470
1.578000	1.082940
1.579000	0.304549
1.580000	-0.214110
1.581000	-0.495276
1.582000	-0.600226
1.583000	-0.588773
1.584000	-0.516635
1.585000	-0.437121
1.586000	-0.393488
1.587000	-0.404902
1.588000	-0.457058
1.589000	-0.512586
1.590000	-0.538300
1.591000	-0.521919
1.592000	-0.464885
1.593000	-0.369135
1.594000	-0.234273
1.595000	-0.062778
1.596000	0.133352
1.597000	0.328220
1.598000	0.484751
1.599000	0.567475
1.600000	0.560669
1.601000	0.481833
1.602000	0.381474
1.603000	0.326803
1.604000	0.380765
1.605000	0.594015
1.606000	1.009510
1.607000	1.654638
1.608000	2.495329
1.609000	3.367460
1.610000	3.969782
1.611000	4.008345
1.612000	3.419779
1.613000	2.436677
1.614000	1.409094
1.615000	0.583282
1.616000	0.028629
1.617000	-0.306133
1.618000	-0.510113
1.619000	-0.657608
1.620000	-0.791175
1.621000	-0.925785
1.622000	-1.061223
1.623000	-1.193803
1.624000	-1.319280
1.625000	-1.427406
1.626000	-1.497414
1.627000	-1.502928
1.628000	-1.429712
1.629000	-1.298654
1.630000	-1.171577
1.631000	-1.122106
1.632000	-1.187055
1.633000	-1.340593
1.634000	-1.515424
1.635000	-1.647733
1.636000	-1.703219
1.637000	-1.673267
1.638000	-1.565616
1.639000	-1.404360
1.640000	-1.221865
1.641000	-1.025506
1.642000	-0.762017
1.643000	-0.324012
1.644000	0.384967
1.645000	1.346775
1.646000	2.341079
1.647000	2.983681
1.648000	2.960374
1.649000	2.290471
1.650000	1.325129
1.651000	0.468086
1.652000	-0.077924
1.653000	-0.335476
1.654000	-0.424109
1.655000	-0.443696
1.656000	-0.442659
1.657000	-0.442153
1.658000	-0.456266
1.659000	-0.484052
1.660000	-0.500665
1.661000	-0.477679
1.662000	-0.414076
1.663000	-0.338384
1.664000	-0.282681
1.665000	-0.259873
1.666000	-0.259252
1.667000	-0.255173
1.668000	-0.224463
1.669000	-0.166431
1.670000	-0.106598
1.671000	-0.073846
1.672000	-0.071712
1.673000	-0.066694
1.674000	0.009408
1.675000	0.247661
1.676000	0.728619
1.677000	1.456285
1.678000	2.279263
1.679000	2.887122
1.680000	2.974366
1.681000	2.473541
1.682000	1.602235
1.683000	0.670761
1.684000	-0.116498
1.685000	-0.692406
1.686000	-1.053516
1.687000	-1.208995
1.688000	-1.182561
1.689000	-1.021755
1.690000	-0.786838
1.691000	-0.537055
1.692000	-0.327199
1.693000	-0.200042
1.694000	-0.170581
1.695000	-0.221998
1.696000	-0.321744
1.697000	-0.440759
1.698000	-0.559306
1.699000	-0.657869
1.700000	-0.705180
1.701000	-0.666937
1.702000	-0.539422
1.703000	-0.369441
1.704000	-0.229354
1.705000	-0.170983
1.706000	-0.201723
1.707000	-0.294858
1.708000	-0.414403
1.709000	-0.530480
1.710000	-0.618757
1.711000	-0.653914
1.712000	-0.603310
1.713000	-0.417704
1.714000	-0.026581
1.715000	0.630683
1.716000	1.518132
1.717000	2.418504
1.718000	2.977909
1.719000	2.925837
1.720000	2.289668
1.721000	1.365570
1.722000	0.487082
1.723000	-0.153763
1.724000	-0.519110
1.725000	-0.658202
1.726000	-0.655657
1.727000	-0.608081
1.728000	-0.601057
1.729000	-0.676839
1.730000	-0.815820
1.731000	-0.952827
1.732000	-1.019925
1.733000	-0.987880
1.734000	-0.878462
1.735000	-0.740932
1.736000	-0.619027
1.737000	-0.537108
1.738000	-0.501645
1.739000	-0.502552
1.740000	-0.518281
1.741000	-0.530381
1.742000	-0.533512
1.743000	-0.527929
1.744000	-0.505964
1.745000	-0.454505
1.746000	-0.374506
1.747000	-0.290863
1.748000	-0.231636
1.749000	-0.193872
1.750000	-0.127945
1.751000	0.055882
1.752000	0.466828
1.753000	1.177500
1.754000	2.117479
1.755000	2.998603
1.756000	3.418618
1.757000	3.137569
1.758000	2.270652
1.759000	1.188364
1.760000	0.248395
1.761000	-0.380624
1.762000	-0.717505
1.763000	-0.868141
1.764000	-0.929427
1.765000	-0.952394
1.766000	-0.954930
1.767000	-0.944050
1.768000	-0.927409
1.769000	-0.916563
1.770000	-0.922335
1.771000	-0.943139
1.772000	-0.961487
1.773000	-0.959011
1.774000	-0.932735
1.775000	-0.891874
1.776000	-0.842754
1.777000	-0.781456
1.778000	-0.698844
1.779000	-0.590548
1.780000	-0.462436
1.781000	-0.327324
1.782000	-0.197566
1.783000	-0.079432
1.784000	0.028357
1.785000	0.129378
1.786000	0.221464
1.787000	0.298750
1.788000	0.362681
1.789000	0.420587
1.790000	0.468420
1.791000	0.486784
1.792000	0.462766
1.793000	0.405947
1.794000	0.334605
1.795000	0.256464
1.796000	0.173830
1.797000	0.102348
1.798000	0.075886
1.799000	0.128847
1.800000	0.267658
1.801000	0.456390
1.802000	0.634283
1.803000	0.751339
1.804000	0.790645
1.805000	0.764994
1.806000	0.699319
1.807000	0.611073
1.808000	0.496868
1.809000	0.340124
1.810000	0.139943
1.811000	-0.072080
1.812000	-0.251363
1.813000	-0.370073
1.814000	-0.421420
1.815000	-0.406213
1.816000	-0.326323
1.817000	-0.186245
1.818000	0.001763
1.819000	0.207298
1.820000	0.380633
1.821000	0.477592
1.822000	0.491275
1.823000	0.453457
1.824000	0.403763
1.825000	0.361689
1.826000	0.326961
1.827000	0.296086
1.828000	0.268677
1.829000	0.242563
1.830000	0.214080
1.831000	0.180939
1.832000	0.137333
1.833000	0.072694
1.834000	-0.017088
1.835000	-0.123558
1.836000	-0.236123
1.837000	-0.353878
1.838000	-0.483473
1.839000	-0.626027
1.840000	-0.766461
1.841000	-0.875224
1.842000	-0.921041
1.843000	-0.886344
1.844000	-0.778974
1.845000	-0.633558
1.846000	-0.496781
1.847000	-0.403326
1.848000	-0.358820
1.849000	-0.340717
1.850000	-0.316751
1.851000	-0.267826
1.852000	-0.198002
1.853000	-0.127895
1.854000	-0.080045
1.855000	-0.061988
1.856000	-0.054910
1.857000	-0.024253
1.858000	0.047746
1.859000	0.140506
1.860000	0.210512
1.861000	0.224190
1.862000	0.174723
1.863000	0.079516
1.864000	-0.025646
1.865000	-0.092599
1.866000	-0.078664
1.867000	0.025333
1.868000	0.183720
1.869000	0.339425
1.870000	0.452485
1.871000	0.518048
1.872000	0.551225
1.873000	0.560850
1.874000	0.543094
1.875000	0.494308
1.876000	0.416887
1.877000	0.312893
1.878000	0.183786
1.879000	0.039416
1.880000	-0.098798
1.881000	-0.204216
1.882000	-0.252088
1.883000	-0.227923
1.884000	-0.140740
1.885000	-0.027754
1.886000	0.064118
1.887000	0.105190
1.888000	0.089605
1.889000	0.021969
1.890000	-0.089892
1.891000	-0.226660
1.892000	-0.349074
1.893000	-0.405865
1.894000	-0.361833
1.895000	-0.227053
1.896000	-0.054666
1.897000	0.097640
1.898000	0.204527
1.899000	0.273336
1.900000	0.318858
1.901000	0.343970
1.902000	0.335562
1.903000	0.273180
1.904000	0.150614
1.905000	-0.003413
1.906000	-0.130363
1.907000	-0.175210
1.908000	-0.120880
1.909000	0.001101
1.910000	0.127349
1.911000	0.197719
1.912000	0.190948
1.913000	0.136686
1.914000	0.092862
1.915000	0.104519
1.916000	0.174055
1.917000	0.263182
1.918000	0.324293
1.919000	0.335825
1.920000	0.310282
1.921000	0.269467
1.922000	0.218116
1.923000	0.147819
1.924000	0.061399
1.925000	-0.018036
1.926000	-0.064085
1.927000	-0.068183
1.928000	-0.045163
1.929000	-0.021792
1.930000	-0.016672
1.931000	-0.027025
1.932000	-0.035977
1.933000	-0.033262
1.934000	-0.029365
1.935000	-0.054213
1.936000	-0.142077
1.937000	-0.307021
1.938000	-0.522492
1.939000	-0.724680
1.940000	-0.844438
1.941000	-0.845584
1.942000	-0.738976
1.943000	-0.566857
1.944000	-0.379232
1.945000	-0.217548
1.946000	-0.102669
1.947000	-0.030869
1.948000	0.011915
1.949000	0.030591
1.950000	0.021177
1.951000	-0.014155
1.952000	-0.064734
1.953000	-0.125127
1.954000	-0.200553
1.955000	-0.294755
1.956000	-0.399995
1.957000	-0.499518
1.958000	-0.570407
1.959000	-0.588289
1.960000	-0.542512
1.961000	-0.443763
1.962000	-0.310137
1.963000	-0.152180
1.964000	0.022351
1.965000	0.192565
1.966000	0.322460
1.967000	0.383532
1.968000	0.379860
1.969000	0.344602
1.970000	0.310634
1.971000	0.291065
1.972000	0.289764
1.973000	0.320470
1.974000	0.404130
1.975000	0.543542
1.976000	0.704389
1.977000	0.829870
1.978000	0.879590
1.979000	0.856172
1.980000	0.797045
1.981000	0.740445
1.982000	0.695814
1.983000	0.643786
1.984000	0.561107
1.985000	0.444589
1.986000	0.315738
1.987000	0.207239
1.988000	0.143333
1.989000	0.127975
1.990000	0.150343
1.991000	0.201848
1.992000	0.286861
1.993000	0.417833
1.994000	0.597253
1.995000	0.794497
1.996000	0.938651
1.997000	0.949829
1.998000	0.794007
1.999000	0.509695
2.000000	0.177673
2.001000	-0.133679
2.002000	-0.394377
2.003000	-0.601126
2.004000	-0.760623
2.005000	-0.885239
2.006000	-0.989145
2.007000	-1.080115
2.008000	-1.154225
2.009000	-1.196404
2.010000	-1.191176
2.011000	-1.141550
2.012000	-1.074986
2.013000	-1.025240
2.014000	-1.011409
2.015000	-1.033344
2.016000	-1.074116
2.017000	-1.101252
2.018000	-1.077264
2.019000	-0.980984
2.020000	-0.821121
2.021000	-0.628904
2.022000	-0.438306
2.023000	-0.271407
2.024000	-0.135116
2.025000	-0.024206
2.026000	0.072162
2.027000	0.162878
2.028000	0.249836
2.029000	0.324345
2.030000	0.368401
2.031000	0.368805
2.032000	0.334879
2.033000	0.297619
2.034000	0.288849
2.035000	0.322009
2.036000	0.387948
2.037000	0.462577
2.038000	0.518792
2.039000	0.536083
2.040000	0.509281
2.041000	0.456863
2.042000	0.414493
2.043000	0.409497
2.044000	0.440839
2.045000	0.484542
2.046000	0.514984
2.047000	0.524326
2.048000	0.529255
2.049000	0.557777
2.050000	0.624837
2.051000	0.722192
2.052000	0.830285
2.053000	0.929489
2.054000	0.994781
2.055000	0.990539
2.056000	0.887803
2.057000	0.694678
2.058000	0.466371
2.059000	0.276602
2.060000	0.169287
2.061000	0.131260
2.062000	0.109586
2.063000	0.055044
2.064000	-0.047383
2.065000	-0.181285
2.066000	-0.322124
2.067000	-0.453649
2.068000	-0.564357
2.069000	-0.636863
2.070000	-0.650356
2.071000	-0.597771
2.072000	-0.501948
2.073000	-0.414170
2.074000	-0.387032
2.075000	-0.436765
2.076000	-0.531176
2.077000	-0.616126
2.078000	-0.651052
2.079000	-0.625015
2.080000	-0.555302
2.081000	-0.478976
2.082000	-0.436468
2.083000	-0.449339
2.084000	-0.509096
2.085000	-0.587826
2.086000	-0.655707
2.087000	-0.687646
2.088000	-0.665691
2.089000	-0.586249
2.090000	-0.462458
2.091000	-0.318531
2.092000	-0.185781
2.093000	-0.094331
2.094000	-0.052585
2.095000	-0.038562
2.096000	-0.023947
2.097000	-0.001527
2.098000	0.020368
2.099000	0.043709
2.100000	0.092555
2.101000	0.199154
2.102000	0.375848
2.103000	0.594972
2.104000	0.794956
2.105000	0.910200
2.106000	0.904833
2.107000	0.790910
2.108000	0.621339
2.109000	0.458429
2.110000	0.337333
2.111000	0.255439
2.112000	0.193611
2.113000	0.140255
2.114000	0.096333
2.115000	0.068556
2.116000	0.063919
2.117000	0.085593
2.118000	0.125757
2.119000	0.163057
2.120000	0.174324
2.121000	0.148930
2.122000	0.088274
2.123000	-0.002181
2.124000	-0.111185
2.125000	-0.216528
2.126000	-0.292902
2.127000	-0.326475
2.128000	-0.331928
