0.000000	0.000000
0.001000	0.000284
0.002000	0.003437
0.003000	0.013700
0.004000	0.032575
0.005000	0.057958
0.006000	0.086160
0.007000	0.113290
0.008000	0.136020
0.009000	0.151922
0.010000	0.159568
0.011000	0.158439
0.012000	0.148788
0.013000	0.131467
0.014000	0.107733
0.015000	0.079079
0.016000	0.047118
0.017000	0.013457
0.018000	-0.020407
0.019000	-0.053168
0.020000	-0.083754
0.021000	-0.111324
0.022000	-0.135245
0.023000	-0.154766
0.024000	-0.166901
0.025000	-0.167224
0.026000	-0.154372
0.027000	-0.130779
0.028000	-0.100562
0.029000	-0.068068
0.030000	-0.037090
0.031000	-0.010523
0.032000	0.009728
0.033000	0.022669
0.034000	0.028103
0.035000	0.026486
0.036000	0.018743
0.037000	0.006069
0.038000	-0.010216
0.039000	-0.028748
0.040000	-0.048193
0.041000	-0.067325
0.042000	-0.085111
0.043000	-0.100748
0.044000	-0.113670
0.045000	-0.123533
0.046000	-0.129984
0.047000	-0.130618
0.048000	-0.121049
0.049000	-0.099427
0.050000	-0.067898
0.051000	-0.030474
0.052000	0.008482
0.053000	0.045065
0.054000	0.076216
0.055000	0.099890
0.056000	0.115017
0.057000	0.121363
0.058000	0.119370
0.059000	0.109992
0.060000	0.094519
0.061000	0.074428
0.062000	0.051247
0.063000	0.026454
0.064000	0.001417
0.065000	-0.022664
0.066000	-0.043940
0.067000	-0.057866
0.068000	-0.059869
0.069000	-0.049552
0.070000	-0.028496
0.071000	0.002902
0.072000	0.043253
0.073000	0.088138
0.074000	0.131919
0.075000	0.169365
0.076000	0.196472
0.077000	0.210754
0.078000	0.211219
0.079000	0.198188
0.080000	0.173023
0.081000	0.137761
0.082000	0.094811
0.083000	0.046738
0.084000	-0.003896
0.085000	-0.054689
0.086000	-0.103537
0.087000	-0.148712
0.088000	-0.188863
0.089000	-0.222997
0.090000	-0.250428
0.091000	-0.270769
0.092000	-0.283590
0.093000	-0.286053
0.094000	-0.273770
0.095000	-0.245670
0.096000	-0.204770
0.097000	-0.155901
0.098000	-0.104173
0.099000	-0.054145
0.100000	-0.009387
0.101000	0.027687
0.102000	0.055754
0.103000	0.074407
0.104000	0.084025
0.105000	0.085564
0.106000	0.080306
0.107000	0.069697
0.108000	0.055211
0.109000	0.038280
0.110000	0.020251
0.111000	0.002310
0.112000	-0.014522
0.113000	-0.029435
0.114000	-0.041865
0.115000	-0.051460
0.116000	-0.058000
0.117000	-0.061366
0.118000	-0.061611
0.119000	-0.058983
0.120000	-0.053804
0.121000	-0.046420
0.122000	-0.036975
0.123000	-0.023210
0.124000	-0.000809
0.125000	0.031809
0.126000	0.072180
0.127000	0.115985
0.128000	0.158576
0.129000	0.195874
0.130000	0.224880
0.131000	0.243811
0.132000	0.251982
0.133000	0.249621
0.134000	0.237598
0.135000	0.217168
0.136000	0.189861
0.137000	0.157409
0.138000	0.121588
0.139000	0.084075
0.140000	0.046405
0.141000	0.009936
0.142000	-0.024149
0.143000	-0.053424
0.144000	-0.073047
0.145000	-0.078515
0.146000	-0.066555
0.147000	-0.036420
0.148000	0.007610
0.149000	0.058334
0.150000	0.108232
0.151000	0.150891
0.152000	0.181667
0.153000	0.197811
0.154000	0.198269
0.155000	0.183441
0.156000	0.154868
0.157000	0.114865
0.158000	0.066185
0.159000	0.011784
0.160000	-0.045358
0.161000	-0.102429
0.162000	-0.156982
0.163000	-0.207042
0.164000	-0.251069
0.165000	-0.287919
0.166000	-0.316858
0.167000	-0.337568
0.168000	-0.350044
0.169000	-0.354501
0.170000	-0.351394
0.171000	-0.340720
0.172000	-0.319660
0.173000	-0.284722
0.174000	-0.236304
0.175000	-0.178198
0.176000	-0.115483
0.177000	-0.053200
0.178000	0.004390
0.179000	0.054116
0.180000	0.094003
0.181000	0.123189
0.182000	0.141707
0.183000	0.150226
0.184000	0.150568
0.185000	0.147445
0.186000	0.146049
0.187000	0.148085
0.188000	0.152368
0.189000	0.156585
0.190000	0.158412
0.191000	0.156226
0.192000	0.151126
0.193000	0.147432
0.194000	0.150557
0.195000	0.164336
0.196000	0.187890
0.197000	0.216069
0.198000	0.242510
0.199000	0.261490
0.200000	0.268732
0.201000	0.261684
0.202000	0.239558
0.203000	0.203113
0.204000	0.154221
0.205000	0.095507
0.206000	0.030046
0.207000	-0.038927
0.208000	-0.108293
0.209000	-0.175252
0.210000	-0.237406
0.211000	-0.292793
0.212000	-0.339970
0.213000	-0.377976
0.214000	-0.406249
0.215000	-0.424623
0.216000	-0.433311
0.217000	-0.432766
0.218000	-0.423558
0.219000	-0.406395
0.220000	-0.382167
0.221000	-0.351901
0.222000	-0.315318
0.223000	-0.269225
0.224000	-0.211213
0.225000	-0.143129
0.226000	-0.069462
0.227000	0.004624
0.228000	0.074418
0.229000	0.136174
0.230000	0.187306
0.231000	0.226387
0.232000	0.253012
0.233000	0.267605
0.234000	0.271187
0.235000	0.265125
0.236000	0.251589
0.237000	0.235763
0.238000	0.223780
0.239000	0.218346
0.240000	0.220920
0.241000	0.232725
0.242000	0.251876
0.243000	0.273722
0.244000	0.293042
0.245000	0.305300
0.246000	0.307188
0.247000	0.296767
0.248000	0.273611
0.249000	0.240474
0.250000	0.203553
0.251000	0.167785
0.252000	0.134268
0.253000	0.102002
0.254000	0.069344
0.255000	0.034810
0.256000	-0.002508
0.257000	-0.042790
0.258000	-0.085519
0.259000	-0.129655
0.260000	-0.173885
0.261000	-0.216861
0.262000	-0.257345
0.263000	-0.294233
0.264000	-0.326503
0.265000	-0.353247
0.266000	-0.373693
0.267000	-0.387254
0.268000	-0.393629
0.269000	-0.392783
0.270000	-0.384943
0.271000	-0.370617
0.272000	-0.349782
0.273000	-0.319566
0.274000	-0.276446
0.275000	-0.220778
0.276000	-0.156341
0.277000	-0.088188
0.278000	-0.021225
0.279000	0.040560
0.280000	0.094279
0.281000	0.138094
0.282000	0.171102
0.283000	0.193225
0.284000	0.205098
0.285000	0.207870
0.286000	0.203005
0.287000	0.192479
0.288000	0.180725
0.289000	0.173400
0.290000	0.172895
0.291000	0.178198
0.292000	0.189030
0.293000	0.206644
0.294000	0.230031
0.295000	0.255546
0.296000	0.281187
0.297000	0.307033
0.298000	0.331323
0.299000	0.350052
0.300000	0.358975
0.301000	0.354796
0.302000	0.335722
0.303000	0.301498
0.304000	0.253205
0.305000	0.192966
0.306000	0.123596
0.307000	0.048228
0.308000	-0.029976
0.309000	-0.107992
0.310000	-0.183072
0.311000	-0.252894
0.312000	-0.315567
0.313000	-0.369575
0.314000	-0.413778
0.315000	-0.447383
0.316000	-0.470025
0.317000	-0.481810
0.318000	-0.483167
0.319000	-0.474787
0.320000	-0.457665
0.321000	-0.432968
0.322000	-0.401885
0.323000	-0.365595
0.324000	-0.325268
0.325000	-0.281949
0.326000	-0.235463
0.327000	-0.182954
0.328000	-0.120310
0.329000	-0.044555
0.330000	0.043342
0.331000	0.137563
0.332000	0.230363
0.333000	0.314447
0.334000	0.384087
0.335000	0.435653
0.336000	0.469565
0.337000	0.489677
0.338000	0.498644
0.339000	0.496582
0.340000	0.482725
0.341000	0.456450
0.342000	0.417734
0.343000	0.367345
0.344000	0.306945
0.345000	0.240636
0.346000	0.175580
0.347000	0.119658
0.348000	0.078590
0.349000	0.053088
0.350000	0.039175
0.351000	0.031178
0.352000	0.023621
0.353000	0.012212
0.354000	-0.005831
0.355000	-0.031768
0.356000	-0.065463
0.357000	-0.105716
0.358000	-0.150635
0.359000	-0.197998
0.360000	-0.245554
0.361000	-0.291190
0.362000	-0.333037
0.363000	-0.369478
0.364000	-0.399185
0.365000	-0.421227
0.366000	-0.435094
0.367000	-0.440616
0.368000	-0.437912
0.369000	-0.427330
0.370000	-0.409378
0.371000	-0.384798
0.372000	-0.354550
0.373000	-0.319568
0.374000	-0.279185
0.375000	-0.230237
0.376000	-0.170949
0.377000	-0.103501
0.378000	-0.032131
0.379000	0.038523
0.380000	0.104264
0.381000	0.161767
0.382000	0.208819
0.383000	0.244310
0.384000	0.268256
0.385000	0.283426
0.386000	0.295259
0.387000	0.307343
0.388000	0.319524
0.389000	0.329838
0.390000	0.335925
0.391000	0.335785
0.392000	0.328141
0.393000	0.312508
0.394000	0.289685
0.395000	0.263607
0.396000	0.239305
0.397000	0.218712
0.398000	0.200899
0.399000	0.184189
0.400000	0.169367
0.401000	0.159090
0.402000	0.153558
0.403000	0.150170
0.404000	0.145483
0.405000	0.136337
0.406000	0.120459
0.407000	0.096678
0.408000	0.064901
0.409000	0.025930
0.410000	-0.018834
0.411000	-0.067617
0.412000	-0.118421
0.413000	-0.169118
0.414000	-0.217534
0.415000	-0.261698
0.416000	-0.300099
0.417000	-0.331612
0.418000	-0.355386
0.419000	-0.370869
0.420000	-0.377919
0.421000	-0.376916
0.422000	-0.368554
0.423000	-0.351989
0.424000	-0.323747
0.425000	-0.281798
0.426000	-0.228333
0.427000	-0.167869
0.428000	-0.105434
0.429000	-0.045548
0.430000	0.008290
0.431000	0.053678
0.432000	0.089262
0.433000	0.114638
0.434000	0.130094
0.435000	0.136451
0.436000	0.135021
0.437000	0.127425
0.438000	0.115510
0.439000	0.102944
0.440000	0.095061
0.441000	0.094827
0.442000	0.101492
0.443000	0.112406
0.444000	0.124422
0.445000	0.134736
0.446000	0.141244
0.447000	0.142683
0.448000	0.138518
0.449000	0.128848
0.450000	0.114341
0.451000	0.096483
0.452000	0.079615
0.453000	0.069227
0.454000	0.067209
0.455000	0.071816
0.456000	0.079865
0.457000	0.088035
0.458000	0.093448
0.459000	0.094039
0.460000	0.088713
0.461000	0.077183
0.462000	0.059765
0.463000	0.037281
0.464000	0.010956
0.465000	-0.017783
0.466000	-0.047514
0.467000	-0.076874
0.468000	-0.104539
0.469000	-0.129320
0.470000	-0.150328
0.471000	-0.166649
0.472000	-0.175246
0.473000	-0.172020
0.474000	-0.155949
0.475000	-0.127728
0.476000	-0.086877
0.477000	-0.034637
0.478000	0.024084
0.479000	0.082867
0.480000	0.135571
0.481000	0.177369
0.482000	0.205132
0.483000	0.217393
0.484000	0.214166
0.485000	0.196667
0.486000	0.166929
0.487000	0.127461
0.488000	0.081003
0.489000	0.030305
0.490000	-0.022017
0.491000	-0.073578
0.492000	-0.122309
0.493000	-0.166509
0.494000	-0.204840
0.495000	-0.236272
0.496000	-0.260059
0.497000	-0.274966
0.498000	-0.277223
0.499000	-0.263046
0.500000	-0.232924
0.501000	-0.190841
0.502000	-0.142091
0.503000	-0.091805
0.504000	-0.044206
0.505000	-0.002386
0.506000	0.031692
0.507000	0.057020
0.508000	0.073393
0.509000	0.081251
0.510000	0.081501
0.511000	0.075391
0.512000	0.064842
0.513000	0.054210
0.514000	0.048624
0.515000	0.049990
0.516000	0.056996
0.517000	0.066988
0.518000	0.077299
0.519000	0.085735
0.520000	0.090641
0.521000	0.090946
0.522000	0.086186
0.523000	0.077485
0.524000	0.069277
0.525000	0.066192
0.526000	0.069054
0.527000	0.075814
0.528000	0.083322
0.529000	0.088507
0.530000	0.089018
0.531000	0.083491
0.532000	0.071548
0.533000	0.053611
0.534000	0.030668
0.535000	0.004051
0.536000	-0.024736
0.537000	-0.054139
0.538000	-0.082707
0.539000	-0.109289
0.540000	-0.133050
0.541000	-0.153291
0.542000	-0.169451
0.543000	-0.181313
0.544000	-0.189003
0.545000	-0.192786
0.546000	-0.192874
0.547000	-0.189386
0.548000	-0.182374
0.549000	-0.171847
0.550000	-0.156515
0.551000	-0.132539
0.552000	-0.097298
0.553000	-0.052432
0.554000	-0.001968
0.555000	0.049517
0.556000	0.097819
0.557000	0.139514
0.558000	0.172170
0.559000	0.194412
0.560000	0.205818
0.561000	0.206769
0.562000	0.198339
0.563000	0.182144
0.564000	0.160028
0.565000	0.133811
0.566000	0.105268
0.567000	0.075995
0.568000	0.047255
0.569000	0.020052
0.570000	-0.004792
0.571000	-0.026653
0.572000	-0.045127
0.573000	-0.059993
0.574000	-0.071115
0.575000	-0.078435
0.576000	-0.082171
0.577000	-0.082874
0.578000	-0.081219
0.579000	-0.077739
0.580000	-0.072792
0.581000	-0.066735
0.582000	-0.059930
0.583000	-0.052678
0.584000	-0.045182
0.585000	-0.037534
0.586000	-0.029754
0.587000	-0.021839
0.588000	-0.013820
0.589000	-0.005827
0.590000	0.001977
0.591000	0.009533
0.592000	0.016840
0.593000	0.023946
0.594000	0.032389
0.595000	0.046281
0.596000	0.068487
0.597000	0.097790
0.598000	0.130684
0.599000	0.163155
0.600000	0.191597
0.601000	0.213202
0.602000	0.226206
0.603000	0.229861
0.604000	0.224220
0.605000	0.210006
0.606000	0.188364
0.607000	0.160603
0.608000	0.128131
0.609000	0.092442
0.610000	0.055010
0.611000	0.017148
0.612000	-0.019951
0.613000	-0.055129
0.614000	-0.087400
0.615000	-0.116050
0.616000	-0.140629
0.617000	-0.160876
0.618000	-0.176570
0.619000	-0.186394
0.620000	-0.186522
0.621000	-0.173576
0.622000	-0.145890
0.623000	-0.102398
0.624000	-0.045484
0.625000	0.018672
0.626000	0.082846
0.627000	0.140453
0.628000	0.186257
0.629000	0.216799
0.630000	0.230487
0.631000	0.227276
0.632000	0.208378
0.633000	0.176361
0.634000	0.136771
0.635000	0.096846
0.636000	0.060944
0.637000	0.029850
0.638000	0.002646
0.639000	-0.022171
0.640000	-0.046075
0.641000	-0.070288
0.642000	-0.095645
0.643000	-0.122461
0.644000	-0.150550
0.645000	-0.179204
0.646000	-0.207245
0.647000	-0.233366
0.648000	-0.256451
0.649000	-0.275696
0.650000	-0.290541
0.651000	-0.300579
0.652000	-0.305605
0.653000	-0.305674
0.654000	-0.301014
0.655000	-0.291923
0.656000	-0.278742
0.657000	-0.261851
0.658000	-0.241560
0.659000	-0.216428
0.660000	-0.183033
0.661000	-0.139890
0.662000	-0.088983
0.663000	-0.032231
0.664000	0.030688
0.665000	0.098869
0.666000	0.168032
0.667000	0.232629
0.668000	0.287600
0.669000	0.329176
0.670000	0.355056
0.671000	0.364342
0.672000	0.357391
0.673000	0.335595
0.674000	0.301130
0.675000	0.256686
0.676000	0.205133
0.677000	0.149290
0.678000	0.091762
0.679000	0.034822
0.680000	-0.019645
0.681000	-0.069885
0.682000	-0.112470
0.683000	-0.142263
0.684000	-0.156590
0.685000	-0.156863
0.686000	-0.146488
0.687000	-0.129316
0.688000	-0.108925
0.689000	-0.088226
0.690000	-0.067965
0.691000	-0.043282
0.692000	-0.007843
0.693000	0.038689
0.694000	0.091588
0.695000	0.144394
0.696000	0.190877
0.697000	0.226113
0.698000	0.246903
0.699000	0.251829
0.700000	0.240927
0.701000	0.215355
0.702000	0.177210
0.703000	0.129221
0.704000	0.074449
0.705000	0.015984
0.706000	-0.043266
0.707000	-0.099493
0.708000	-0.146872
0.709000	-0.180791
0.710000	-0.200758
0.711000	-0.209050
0.712000	-0.208919
0.713000	-0.203485
0.714000	-0.195417
0.715000	-0.186896
0.716000	-0.179406
0.717000	-0.173579
0.718000	-0.169408
0.719000	-0.166570
0.720000	-0.164583
0.721000	-0.162702
0.722000	-0.158215
0.723000	-0.146540
0.724000	-0.125283
0.725000	-0.095715
0.726000	-0.060961
0.727000	-0.024616
0.728000	0.010907
0.729000	0.046833
0.730000	0.085496
0.731000	0.126061
0.732000	0.165320
0.733000	0.199939
0.734000	0.229308
0.735000	0.254879
0.736000	0.276461
0.737000	0.291984
0.738000	0.299081
0.739000	0.295881
0.740000	0.281318
0.741000	0.255335
0.742000	0.218843
0.743000	0.173458
0.744000	0.121173
0.745000	0.064175
0.746000	0.004831
0.747000	-0.054493
0.748000	-0.111680
0.749000	-0.164919
0.750000	-0.212680
0.751000	-0.253649
0.752000	-0.285514
0.753000	-0.304153
0.754000	-0.306875
0.755000	-0.294686
0.756000	-0.270794
0.757000	-0.239108
0.758000	-0.203116
0.759000	-0.162934
0.760000	-0.114308
0.761000	-0.054839
0.762000	0.012204
0.763000	0.080550
0.764000	0.143570
0.765000	0.197080
0.766000	0.241596
0.767000	0.278746
0.768000	0.307431
0.769000	0.325074
0.770000	0.329338
0.771000	0.318937
0.772000	0.294185
0.773000	0.258674
0.774000	0.217689
0.775000	0.174340
0.776000	0.129451
0.777000	0.082924
0.778000	0.034505
0.779000	-0.015735
0.780000	-0.067171
0.781000	-0.118720
0.782000	-0.169097
0.783000	-0.216937
0.784000	-0.260926
0.785000	-0.299920
0.786000	-0.332922
0.787000	-0.359209
0.788000	-0.378409
0.789000	-0.390391
0.790000	-0.395199
0.791000	-0.392820
0.792000	-0.381514
0.793000	-0.357750
0.794000	-0.320040
0.795000	-0.270378
0.796000	-0.210876
0.797000	-0.141804
0.798000	-0.064776
0.799000	0.015489
0.800000	0.094218
0.801000	0.169170
0.802000	0.238639
0.803000	0.299311
0.804000	0.347467
0.805000	0.380180
0.806000	0.395831
0.807000	0.394256
0.808000	0.376493
0.809000	0.344429
0.810000	0.300600
0.811000	0.247957
0.812000	0.189609
0.813000	0.128598
0.814000	0.067604
0.815000	0.008804
0.816000	-0.046000
0.817000	-0.095223
0.818000	-0.137490
0.819000	-0.171445
0.820000	-0.194196
0.821000	-0.202531
0.822000	-0.196285
0.823000	-0.178173
0.824000	-0.152090
0.825000	-0.122029
0.826000	-0.091555
0.827000	-0.063104
0.828000	-0.036202
0.829000	-0.008949
0.830000	0.018704
0.831000	0.045195
0.832000	0.069688
0.833000	0.093712
0.834000	0.118547
0.835000	0.144481
0.836000	0.173287
0.837000	0.205472
0.838000	0.237832
0.839000	0.265480
0.840000	0.283835
0.841000	0.289650
0.842000	0.281298
0.843000	0.258581
0.844000	0.222411
0.845000	0.175213
0.846000	0.122325
0.847000	0.069892
0.848000	0.021173
0.849000	-0.023321
0.850000	-0.064272
0.851000	-0.102507
0.852000	-0.138567
0.853000	-0.172647
0.854000	-0.204655
0.855000	-0.234291
0.856000	-0.261137
0.857000	-0.284629
0.858000	-0.304047
0.859000	-0.318685
0.860000	-0.328064
0.861000	-0.332022
0.862000	-0.330620
0.863000	-0.323923
0.864000	-0.312058
0.865000	-0.295450
0.866000	-0.274832
0.867000	-0.249939
0.868000	-0.217348
0.869000	-0.171952
0.870000	-0.111941
0.871000	-0.040598
0.872000	0.036032
0.873000	0.111435
0.874000	0.179860
0.875000	0.236980
0.876000	0.280057
0.877000	0.307997
0.878000	0.323286
0.879000	0.331649
0.880000	0.336894
0.881000	0.339030
0.882000	0.336273
0.883000	0.326503
0.884000	0.308250
0.885000	0.282596
0.886000	0.253309
0.887000	0.223153
0.888000	0.192334
0.889000	0.160023
0.890000	0.125251
0.891000	0.087327
0.892000	0.046156
0.893000	0.002394
0.894000	-0.042568
0.895000	-0.085721
0.896000	-0.122717
0.897000	-0.150990
0.898000	-0.170772
0.899000	-0.183559
0.900000	-0.191104
0.901000	-0.195044
0.902000	-0.196892
0.903000	-0.197193
0.904000	-0.193311
0.905000	-0.181594
0.906000	-0.160345
0.907000	-0.129006
0.908000	-0.089436
0.909000	-0.046378
0.910000	-0.005319
0.911000	0.029211
0.912000	0.055687
0.913000	0.075853
0.914000	0.091188
0.915000	0.101209
0.916000	0.104821
0.917000	0.101078
0.918000	0.089432
0.919000	0.070054
0.920000	0.043885
0.921000	0.012371
0.922000	-0.022690
0.923000	-0.059461
0.924000	-0.096280
0.925000	-0.131678
0.926000	-0.164426
0.927000	-0.193455
0.928000	-0.217800
0.929000	-0.236739
0.930000	-0.249906
0.931000	-0.257253
0.932000	-0.258859
0.933000	-0.253780
0.934000	-0.238852
0.935000	-0.211634
0.936000	-0.173214
0.937000	-0.126883
0.938000	-0.076621
0.939000	-0.025849
0.940000	0.025321
0.941000	0.079182
0.942000	0.135936
0.943000	0.194495
0.944000	0.253353
0.945000	0.308976
0.946000	0.356711
0.947000	0.392313
0.948000	0.412684
0.949000	0.416159
0.950000	0.402488
0.951000	0.372753
0.952000	0.329028
0.953000	0.274013
0.954000	0.210749
0.955000	0.142315
0.956000	0.071722
0.957000	0.001801
0.958000	-0.065076
0.959000	-0.126992
0.960000	-0.182265
0.961000	-0.229471
0.962000	-0.267688
0.963000	-0.296528
0.964000	-0.315249
0.965000	-0.321585
0.966000	-0.313723
0.967000	-0.292605
0.968000	-0.261098
0.969000	-0.222831
0.970000	-0.181431
0.971000	-0.139921
0.972000	-0.100610
0.973000	-0.064889
0.974000	-0.031633
0.975000	0.001758
0.976000	0.035990
0.977000	0.069633
0.978000	0.100492
0.979000	0.126382
0.980000	0.145538
0.981000	0.158040
0.982000	0.167286
0.983000	0.178269
0.984000	0.195809
0.985000	0.221733
0.986000	0.253040
0.987000	0.284349
0.988000	0.310059
0.989000	0.326851
0.990000	0.334665
0.991000	0.333855
0.992000	0.323587
0.993000	0.302936
0.994000	0.271509
0.995000	0.229536
0.996000	0.177981
0.997000	0.118514
0.998000	0.053235
0.999000	-0.015610
1.000000	-0.085760
1.001000	-0.154901
1.002000	-0.220669
1.003000	-0.280820
1.004000	-0.333480
1.005000	-0.377131
1.006000	-0.410423
1.007000	-0.430842
1.008000	-0.435141
1.009000	-0.422584
1.010000	-0.395575
1.011000	-0.357919
1.012000	-0.312617
1.013000	-0.260797
1.014000	-0.204046
1.015000	-0.145173
1.016000	-0.085024
1.017000	-0.023244
1.018000	0.038174
1.019000	0.095259
1.020000	0.143939
1.021000	0.181088
1.022000	0.204909
1.023000	0.214926
1.024000	0.211652
1.025000	0.196283
1.026000	0.170702
1.027000	0.137295
1.028000	0.098549
1.029000	0.056744
1.030000	0.013996
1.031000	-0.027676
1.032000	-0.066542
1.033000	-0.101278
1.034000	-0.130871
1.035000	-0.153540
1.036000	-0.166253
1.037000	-0.167248
1.038000	-0.157550
1.039000	-0.139835
1.040000	-0.117232
1.041000	-0.092613
1.042000	-0.067846
1.043000	-0.042336
1.044000	-0.014461
1.045000	0.015665
1.046000	0.046353
1.047000	0.075437
1.048000	0.102408
1.049000	0.129168
1.050000	0.156666
1.051000	0.183479
1.052000	0.208802
1.053000	0.232729
1.054000	0.253988
1.055000	0.270381
1.056000	0.282018
1.057000	0.291400
1.058000	0.299225
1.059000	0.303420
1.060000	0.301004
1.061000	0.289283
1.062000	0.266467
1.063000	0.231951
1.064000	0.186359
1.065000	0.131268
1.066000	0.068876
1.067000	0.001837
1.068000	-0.067007
1.069000	-0.134957
1.070000	-0.199584
1.071000	-0.258761
1.072000	-0.310715
1.073000	-0.354199
1.074000	-0.388621
1.075000	-0.413826
1.076000	-0.429827
1.077000	-0.436750
1.078000	-0.434810
1.079000	-0.424270
1.080000	-0.404221
1.081000	-0.370071
1.082000	-0.315555
1.083000	-0.238757
1.084000	-0.144187
1.085000	-0.040375
1.086000	0.063255
1.087000	0.158502
1.088000	0.239187
1.089000	0.301036
1.090000	0.341699
1.091000	0.360829
1.092000	0.359632
1.093000	0.340250
1.094000	0.305430
1.095000	0.258403
1.096000	0.202805
1.097000	0.142389
1.098000	0.080615
1.099000	0.020414
1.100000	-0.035882
1.101000	-0.086485
1.102000	-0.130163
1.103000	-0.166221
1.104000	-0.194390
1.105000	-0.214811
1.106000	-0.227950
1.107000	-0.234337
1.108000	-0.234488
1.109000	-0.228906
1.110000	-0.217922
1.111000	-0.200624
1.112000	-0.175289
1.113000	-0.141780
1.114000	-0.099938
1.115000	-0.047171
1.116000	0.017336
1.117000	0.089560
1.118000	0.163098
1.119000	0.231460
1.120000	0.289081
1.121000	0.331829
1.122000	0.357754
1.123000	0.368300
1.124000	0.366662
1.125000	0.354815
1.126000	0.333496
1.127000	0.303103
1.128000	0.264318
1.129000	0.218329
1.130000	0.166719
1.131000	0.111395
1.132000	0.054392
1.133000	-0.002507
1.134000	-0.057778
1.135000	-0.109902
1.136000	-0.157440
1.137000	-0.199193
1.138000	-0.234270
1.139000	-0.262126
1.140000	-0.282482
1.141000	-0.295253
1.142000	-0.300601
1.143000	-0.298926
1.144000	-0.290759
1.145000	-0.276739
1.146000	-0.257697
1.147000	-0.234695
1.148000	-0.208955
1.149000	-0.181664
1.150000	-0.152847
1.151000	-0.119220
1.152000	-0.076569
1.153000	-0.024501
1.154000	0.033682
1.155000	0.094509
1.156000	0.156483
1.157000	0.217703
1.158000	0.274256
1.159000	0.321812
1.160000	0.356787
1.161000	0.376710
1.162000	0.380453
1.163000	0.368308
1.164000	0.341687
1.165000	0.302790
1.166000	0.254359
1.167000	0.199381
1.168000	0.140851
1.169000	0.081629
1.170000	0.024226
1.171000	-0.029493
1.172000	-0.078362
1.173000	-0.121713
1.174000	-0.159143
1.175000	-0.190444
1.176000	-0.215612
1.177000	-0.234700
1.178000	-0.247747
1.179000	-0.254818
1.180000	-0.255285
1.181000	-0.247464
1.182000	-0.230630
1.183000	-0.206132
1.184000	-0.176316
1.185000	-0.143566
1.186000	-0.107981
1.187000	-0.066288
1.188000	-0.016345
1.189000	0.041350
1.190000	0.105938
1.191000	0.174454
1.192000	0.241169
1.193000	0.299757
1.194000	0.344871
1.195000	0.372931
1.196000	0.382199
1.197000	0.372493
1.198000	0.344856
1.199000	0.301371
1.200000	0.244913
1.201000	0.178699
1.202000	0.106025
1.203000	0.030236
1.204000	-0.045446
1.205000	-0.118174
1.206000	-0.185533
1.207000	-0.245583
1.208000	-0.296904
1.209000	-0.338561
1.210000	-0.370071
1.211000	-0.391379
1.212000	-0.402824
1.213000	-0.405060
1.214000	-0.398996
1.215000	-0.385675
1.216000	-0.366120
1.217000	-0.341306
1.218000	-0.312167
1.219000	-0.279636
1.220000	-0.244605
1.221000	-0.206592
1.222000	-0.160947
1.223000	-0.101217
1.224000	-0.026077
1.225000	0.059659
1.226000	0.148635
1.227000	0.233374
1.228000	0.307468
1.229000	0.366118
1.230000	0.406368
1.231000	0.427098
1.232000	0.428750
1.233000	0.412921
1.234000	0.382048
1.235000	0.339123
1.236000	0.287336
1.237000	0.229864
1.238000	0.169611
1.239000	0.109159
1.240000	0.050846
1.241000	-0.003443
1.242000	-0.052307
1.243000	-0.094727
1.244000	-0.130079
1.245000	-0.158166
1.246000	-0.179225
1.247000	-0.193783
1.248000	-0.202433
1.249000	-0.205834
1.250000	-0.204614
1.251000	-0.199304
1.252000	-0.190414
1.253000	-0.178364
1.254000	-0.163542
1.255000	-0.146353
1.256000	-0.127154
1.257000	-0.106411
1.258000	-0.084317
1.259000	-0.057874
1.260000	-0.021506
1.261000	0.026813
1.262000	0.083935
1.263000	0.144253
1.264000	0.201710
1.265000	0.251016
1.266000	0.288198
1.267000	0.310918
1.268000	0.318586
1.269000	0.311945
1.270000	0.292585
1.271000	0.262649
1.272000	0.224503
1.273000	0.180484
1.274000	0.132867
1.275000	0.083799
1.276000	0.035182
1.277000	-0.011426
1.278000	-0.054830
1.279000	-0.094089
1.280000	-0.128531
1.281000	-0.157689
1.282000	-0.180872
1.283000	-0.196201
1.284000	-0.201647
1.285000	-0.197091
1.286000	-0.184224
1.287000	-0.165542
1.288000	-0.143519
1.289000	-0.120369
1.290000	-0.097887
1.291000	-0.076276
1.292000	-0.054161
1.293000	-0.030930
1.294000	-0.007082
1.295000	0.018177
1.296000	0.046122
1.297000	0.075926
1.298000	0.105144
1.299000	0.130997
1.300000	0.151041
1.301000	0.163501
1.302000	0.167331
1.303000	0.162157
1.304000	0.148232
1.305000	0.126515
1.306000	0.098579
1.307000	0.066203
1.308000	0.031086
1.309000	-0.005156
1.310000	-0.040998
1.311000	-0.075183
1.312000	-0.106686
1.313000	-0.134517
1.314000	-0.157780
1.315000	-0.175880
1.316000	-0.188628
1.317000	-0.196095
1.318000	-0.198418
1.319000	-0.195888
1.320000	-0.188952
1.321000	-0.178151
1.322000	-0.164215
1.323000	-0.147510
1.324000	-0.126856
1.325000	-0.100725
1.326000	-0.068180
1.327000	-0.028955
1.328000	0.015185
1.329000	0.060720
1.330000	0.103716
1.331000	0.140719
1.332000	0.169418
1.333000	0.190355
1.334000	0.206166
1.335000	0.218099
1.336000	0.225501
1.337000	0.227223
1.338000	0.222350
1.339000	0.210426
1.340000	0.191450
1.341000	0.165878
1.342000	0.134602
1.343000	0.098886
1.344000	0.060235
1.345000	0.020195
1.346000	-0.019698
1.347000	-0.058085
1.348000	-0.093906
1.349000	-0.126309
1.350000	-0.154588
1.351000	-0.178210
1.352000	-0.196758
1.353000	-0.210006
1.354000	-0.217986
1.355000	-0.220803
1.356000	-0.218590
1.357000	-0.211653
1.358000	-0.200149
1.359000	-0.183047
1.360000	-0.159147
1.361000	-0.129097
1.362000	-0.095071
1.363000	-0.059689
1.364000	-0.025073
1.365000	0.008773
1.366000	0.043192
1.367000	0.078529
1.368000	0.115555
1.369000	0.155298
1.370000	0.196277
1.371000	0.234840
1.372000	0.266899
1.373000	0.289139
1.374000	0.299566
1.375000	0.297459
1.376000	0.283125
1.377000	0.257618
1.378000	0.222468
1.379000	0.179528
1.380000	0.130904
1.381000	0.078785
1.382000	0.025297
1.383000	-0.027533
1.384000	-0.077835
1.385000	-0.124036
1.386000	-0.164814
1.387000	-0.199154
1.388000	-0.226379
1.389000	-0.246150
1.390000	-0.258529
1.391000	-0.263855
1.392000	-0.262646
1.393000	-0.255634
1.394000	-0.243715
1.395000	-0.227771
1.396000	-0.208564
1.397000	-0.186813
1.398000	-0.163194
1.399000	-0.138272
1.400000	-0.112563
1.401000	-0.086622
1.402000	-0.060379
1.403000	-0.031940
1.404000	0.000670
1.405000	0.037088
1.406000	0.075058
1.407000	0.111695
1.408000	0.144399
1.409000	0.171213
1.410000	0.191066
1.411000	0.203639
1.412000	0.208828
1.413000	0.206652
1.414000	0.197609
1.415000	0.182682
1.416000	0.163123
1.417000	0.140363
1.418000	0.115833
1.419000	0.090776
1.420000	0.066131
1.421000	0.042550
1.422000	0.020529
1.423000	0.000506
1.424000	-0.017162
1.425000	-0.032195
1.426000	-0.044376
1.427000	-0.053199
1.428000	-0.056873
1.429000	-0.053525
1.430000	-0.043315
1.431000	-0.028109
1.432000	-0.010487
1.433000	0.006988
1.434000	0.022264
1.435000	0.034010
1.436000	0.041729
1.437000	0.045558
1.438000	0.045803
1.439000	0.043256
1.440000	0.040630
1.441000	0.041093
1.442000	0.045449
1.443000	0.052487
1.444000	0.060291
1.445000	0.066973
1.446000	0.070955
1.447000	0.071148
1.448000	0.067023
1.449000	0.058589
1.450000	0.046382
1.451000	0.031297
1.452000	0.014306
1.453000	-0.003732
1.454000	-0.022089
1.455000	-0.040197
1.456000	-0.057611
1.457000	-0.073935
1.458000	-0.088804
1.459000	-0.101935
1.460000	-0.113186
1.461000	-0.122354
1.462000	-0.129116
1.463000	-0.133293
1.464000	-0.134897
1.465000	-0.133845
1.466000	-0.128866
1.467000	-0.118023
1.468000	-0.100956
1.469000	-0.079182
1.470000	-0.054975
1.471000	-0.030464
1.472000	-0.006169
1.473000	0.019647
1.474000	0.048034
1.475000	0.077582
1.476000	0.105726
1.477000	0.129862
1.478000	0.147950
1.479000	0.158654
1.480000	0.161310
1.481000	0.155917
1.482000	0.143064
1.483000	0.123732
1.484000	0.099179
1.485000	0.070802
1.486000	0.040088
1.487000	0.008632
1.488000	-0.022128
1.489000	-0.051116
1.490000	-0.077465
1.491000	-0.100431
1.492000	-0.119589
1.493000	-0.134857
1.494000	-0.146283
1.495000	-0.153768
1.496000	-0.156830
1.497000	-0.153852
1.498000	-0.143043
1.499000	-0.124471
1.500000	-0.099899
1.501000	-0.071860
1.502000	-0.043008
1.503000	-0.015708
1.504000	0.008098
1.505000	0.027002
1.506000	0.040298
1.507000	0.047933
1.508000	0.050251
1.509000	0.047866
1.510000	0.041715
1.511000	0.033278
1.512000	0.025975
1.513000	0.023961
1.514000	0.028600
1.515000	0.038448
1.516000	0.050907
1.517000	0.063253
1.518000	0.073281
1.519000	0.079437
1.520000	0.080722
1.521000	0.076744
1.522000	0.067852
1.523000	0.055015
1.524000	0.039430
1.525000	0.022218
1.526000	0.004374
1.527000	-0.013301
1.528000	-0.030235
1.529000	-0.045924
1.530000	-0.059964
1.531000	-0.072088
1.532000	-0.081994
1.533000	-0.089296
1.534000	-0.093683
1.535000	-0.094768
1.536000	-0.090871
1.537000	-0.079965
1.538000	-0.062125
1.539000	-0.039256
1.540000	-0.013845
1.541000	0.011646
1.542000	0.035113
1.543000	0.055054
1.544000	0.070573
1.545000	0.081227
1.546000	0.086769
1.547000	0.087096
1.548000	0.082515
1.549000	0.073680
1.550000	0.061298
1.551000	0.046217
1.552000	0.029501
1.553000	0.012205
1.554000	-0.004828
1.555000	-0.020878
1.556000	-0.035146
1.557000	-0.046799
1.558000	-0.055322
1.559000	-0.060621
1.560000	-0.062825
1.561000	-0.062123
1.562000	-0.058775
1.563000	-0.053181
1.564000	-0.045912
1.565000	-0.037674
1.566000	-0.029147
1.567000	-0.020850
1.568000	-0.013130
1.569000	-0.006281
1.570000	-0.000532
1.571000	0.004123
1.572000	0.007939
1.573000	0.011290
1.574000	0.015527
1.575000	0.023385
1.576000	0.036529
1.577000	0.054058
1.578000	0.073668
1.579000	0.092865
1.580000	0.109568
1.581000	0.122182
1.582000	0.129566
1.583000	0.131128
1.584000	0.126944
1.585000	0.117637
1.586000	0.104095
1.587000	0.087334
1.588000	0.068345
1.589000	0.047918
1.590000	0.026725
1.591000	0.005411
1.592000	-0.015405
1.593000	-0.035206
1.594000	-0.053535
1.595000	-0.069821
1.596000	-0.083511
1.597000	-0.094279
1.598000	-0.101982
1.599000	-0.106665
1.600000	-0.108604
1.601000	-0.108099
1.602000	-0.105375
1.603000	-0.100671
1.604000	-0.094253
1.605000	-0.086312
1.606000	-0.077000
1.607000	-0.066597
1.608000	-0.055557
1.609000	-0.044467
1.610000	-0.033896
1.611000	-0.024176
1.612000	-0.015432
1.613000	-0.007712
1.614000	-0.000182
1.615000	0.009940
1.616000	0.025201
1.617000	0.045616
1.618000	0.069386
1.619000	0.093877
1.620000	0.116334
1.621000	0.134414
1.622000	0.146460
1.623000	0.151613
1.624000	0.149711
1.625000	0.141113
1.626000	0.126594
1.627000	0.107185
1.628000	0.084016
1.629000	0.058323
1.630000	0.031422
1.631000	0.004443
1.632000	-0.021713
1.633000	-0.046267
1.634000	-0.068597
1.635000	-0.088210
1.636000	-0.104565
1.637000	-0.117186
1.638000	-0.125808
1.639000	-0.130473
1.640000	-0.131287
1.641000	-0.127114
1.642000	-0.116169
1.643000	-0.098374
1.644000	-0.075493
1.645000	-0.050083
1.646000	-0.024773
1.647000	-0.001631
1.648000	0.018037
1.649000	0.033540
1.650000	0.044763
1.651000	0.051898
1.652000	0.055105
1.653000	0.054538
1.654000	0.050386
1.655000	0.042941
1.656000	0.032657
1.657000	0.020126
1.658000	0.006085
1.659000	-0.008591
1.660000	-0.022938
1.661000	-0.035967
1.662000	-0.046715
1.663000	-0.054567
1.664000	-0.059451
1.665000	-0.061569
1.666000	-0.061098
1.667000	-0.058089
1.668000	-0.052658
1.669000	-0.045226
1.670000	-0.036423
1.671000	-0.026939
1.672000	-0.017569
1.673000	-0.009156
1.674000	-0.002294
1.675000	0.002925
1.676000	0.006779
1.677000	0.010274
1.678000	0.015973
1.679000	0.026209
1.680000	0.041090
1.681000	0.059153
1.682000	0.078367
1.683000	0.096711
1.684000	0.112429
1.685000	0.124139
1.686000	0.130975
1.687000	0.132636
1.688000	0.129315
1.689000	0.121503
1.690000	0.109761
1.691000	0.094801
1.692000	0.077469
1.693000	0.058494
1.694000	0.038469
1.695000	0.017995
1.696000	-0.002229
1.697000	-0.021595
1.698000	-0.039777
1.699000	-0.056551
1.700000	-0.071731
1.701000	-0.085119
1.702000	-0.096255
1.703000	-0.104708
1.704000	-0.110425
1.705000	-0.113523
1.706000	-0.114114
1.707000	-0.112425
1.708000	-0.108763
1.709000	-0.103443
1.710000	-0.096763
1.711000	-0.088944
1.712000	-0.080198
1.713000	-0.070784
1.714000	-0.061015
1.715000	-0.051352
1.716000	-0.042109
1.717000	-0.032019
1.718000	-0.018484
1.719000	-0.000502
1.720000	0.020720
1.721000	0.043205
1.722000	0.064838
1.723000	0.083725
1.724000	0.098542
1.725000	0.108468
1.726000	0.113133
1.727000	0.112661
1.728000	0.107461
1.729000	0.098142
1.730000	0.085475
1.731000	0.070209
1.732000	0.053083
1.733000	0.035029
1.734000	0.017186
1.735000	0.000496
1.736000	-0.014485
1.737000	-0.027474
1.738000	-0.038382
1.739000	-0.047209
1.740000	-0.053927
1.741000	-0.058403
1.742000	-0.060504
1.743000	-0.060360
1.744000	-0.058402
1.745000	-0.055166
1.746000	-0.051090
1.747000	-0.046407
1.748000	-0.041241
1.749000	-0.035753
1.750000	-0.030104
1.751000	-0.024425
1.752000	-0.018853
1.753000	-0.013575
1.754000	-0.008890
1.755000	-0.005016
1.756000	-0.001809
1.757000	0.001079
1.758000	0.003880
1.759000	0.006687
1.760000	0.009566
1.761000	0.012616
1.762000	0.016125
1.763000	0.020522
1.764000	0.025951
1.765000	0.032155
1.766000	0.038796
1.767000	0.045593
1.768000	0.052150
1.769000	0.057962
1.770000	0.062565
1.771000	0.065521
1.772000	0.066452
1.773000	0.065238
1.774000	0.062045
1.775000	0.057071
1.776000	0.050527
1.777000	0.042840
1.778000	0.034549
1.779000	0.026142
1.780000	0.018064
1.781000	0.010700
1.782000	0.004230
1.783000	-0.001401
1.784000	-0.006384
1.785000	-0.010919
1.786000	-0.015132
1.787000	-0.019045
1.788000	-0.022604
1.789000	-0.025764
1.790000	-0.028362
1.791000	-0.030020
1.792000	-0.030265
1.793000	-0.028776
1.794000	-0.025567
1.795000	-0.021019
1.796000	-0.015794
1.797000	-0.010668
1.798000	-0.006323
1.799000	-0.003286
1.800000	-0.001929
1.801000	-0.002417
1.802000	-0.004689
1.803000	-0.008346
1.804000	-0.012801
1.805000	-0.017517
1.806000	-0.022020
1.807000	-0.026008
1.808000	-0.029442
1.809000	-0.032373
1.810000	-0.034650
1.811000	-0.035909
1.812000	-0.035815
1.813000	-0.034252
1.814000	-0.031366
1.815000	-0.027483
1.816000	-0.023010
1.817000	-0.018299
1.818000	-0.013667
1.819000	-0.009464
1.820000	-0.005936
1.821000	-0.003089
1.822000	-0.000731
1.823000	0.001347
1.824000	0.003259
1.825000	0.005066
1.826000	0.006866
1.827000	0.008766
1.828000	0.010712
1.829000	0.012515
1.830000	0.013935
1.831000	0.014817
1.832000	0.015256
1.833000	0.015456
1.834000	0.015652
1.835000	0.016117
1.836000	0.016976
1.837000	0.018140
1.838000	0.019411
1.839000	0.020666
1.840000	0.021868
1.841000	0.022888
1.842000	0.023547
1.843000	0.023781
1.844000	0.023718
1.845000	0.023532
1.846000	0.023277
1.847000	0.022928
1.848000	0.022479
1.849000	0.021951
1.850000	0.021309
1.851000	0.020440
1.852000	0.019237
1.853000	0.017705
1.854000	0.015807
1.855000	0.013296
1.856000	0.009928
1.857000	0.005746
1.858000	0.001001
1.859000	-0.004132
1.860000	-0.009508
1.861000	-0.014978
1.862000	-0.020435
1.863000	-0.025661
1.864000	-0.030211
1.865000	-0.033586
1.866000	-0.035549
1.867000	-0.036210
1.868000	-0.035814
1.869000	-0.034655
1.870000	-0.033045
1.871000	-0.031156
1.872000	-0.028988
1.873000	-0.026477
1.874000	-0.023597
1.875000	-0.020436
1.876000	-0.017134
1.877000	-0.013729
1.878000	-0.010100
1.879000	-0.006069
1.880000	-0.001480
1.881000	0.003763
1.882000	0.009647
1.883000	0.015897
1.884000	0.021916
1.885000	0.027077
1.886000	0.030967
1.887000	0.033530
1.888000	0.035052
1.889000	0.035851
1.890000	0.036013
1.891000	0.035400
1.892000	0.033897
1.893000	0.031550
1.894000	0.028539
1.895000	0.025132
1.896000	0.021478
1.897000	0.017575
1.898000	0.013385
1.899000	0.008813
1.900000	0.003739
1.901000	-0.001936
1.902000	-0.008229
1.903000	-0.014897
1.904000	-0.021461
1.905000	-0.027498
1.906000	-0.032755
1.907000	-0.037056
1.908000	-0.040229
1.909000	-0.042047
1.910000	-0.042235
1.911000	-0.040715
1.912000	-0.037804
1.913000	-0.034036
1.914000	-0.029903
1.915000	-0.025778
1.916000	-0.021886
1.917000	-0.018322
1.918000	-0.015063
1.919000	-0.012003
1.920000	-0.008997
1.921000	-0.005990
1.922000	-0.003132
1.923000	-0.000735
1.924000	0.000846
1.925000	0.001411
1.926000	0.001060
1.927000	0.000199
1.928000	-0.000605
1.929000	-0.000971
1.930000	-0.000777
1.931000	0.000042
1.932000	0.001552
1.933000	0.003733
1.934000	0.006519
1.935000	0.009889
1.936000	0.013845
1.937000	0.018222
1.938000	0.022526
1.939000	0.026204
1.940000	0.028982
1.941000	0.030905
1.942000	0.032119
1.943000	0.032693
1.944000	0.032658
1.945000	0.031991
1.946000	0.030635
1.947000	0.028581
1.948000	0.025852
1.949000	0.022450
1.950000	0.018343
1.951000	0.013542
1.952000	0.008103
1.953000	0.002127
1.954000	-0.004121
1.955000	-0.010336
1.956000	-0.016235
1.957000	-0.021506
1.958000	-0.025882
1.959000	-0.029168
1.960000	-0.031300
1.961000	-0.032350
1.962000	-0.032463
1.963000	-0.031820
1.964000	-0.030598
1.965000	-0.028928
1.966000	-0.026918
1.967000	-0.024662
1.968000	-0.022029
1.969000	-0.018771
1.970000	-0.014921
1.971000	-0.010831
1.972000	-0.006895
1.973000	-0.003333
1.974000	-0.000250
1.975000	0.002281
1.976000	0.004189
1.977000	0.005456
1.978000	0.006090
1.979000	0.006053
1.980000	0.005393
1.981000	0.004359
1.982000	0.003268
1.983000	0.002232
1.984000	0.001135
1.985000	-0.000019
1.986000	-0.000890
1.987000	-0.001108
1.988000	-0.000575
1.989000	0.000724
1.990000	0.002953
1.991000	0.006292
1.992000	0.010835
1.993000	0.016602
1.994000	0.023503
1.995000	0.031247
1.996000	0.039299
1.997000	0.046989
1.998000	0.053716
1.999000	0.059079
2.000000	0.062924
2.001000	0.065277
2.002000	0.066173
2.003000	0.065565
2.004000	0.063404
2.005000	0.059762
2.006000	0.054805
2.007000	0.048627
2.008000	0.041309
2.009000	0.033048
2.010000	0.024103
2.011000	0.014870
2.012000	0.005920
2.013000	-0.002313
2.014000	-0.009738
2.015000	-0.016537
2.016000	-0.023003
2.017000	-0.029384
2.018000	-0.035781
2.019000	-0.042067
2.020000	-0.047915
2.021000	-0.052933
2.022000	-0.056785
2.023000	-0.059324
2.024000	-0.060758
2.025000	-0.061437
2.026000	-0.061432
2.027000	-0.060519
2.028000	-0.058494
2.029000	-0.055361
2.030000	-0.051359
2.031000	-0.046881
2.032000	-0.042419
2.033000	-0.038592
2.034000	-0.035956
2.035000	-0.034702
2.036000	-0.034635
2.037000	-0.035305
2.038000	-0.036162
2.039000	-0.036740
2.040000	-0.036641
2.041000	-0.035456
2.042000	-0.032924
2.043000	-0.029077
2.044000	-0.024145
2.045000	-0.018383
2.046000	-0.011896
2.047000	-0.004722
2.048000	0.002870
2.049000	0.010413
2.050000	0.017544
2.051000	0.024067
2.052000	0.029884
2.053000	0.034954
2.054000	0.039188
2.055000	0.042473
2.056000	0.044715
2.057000	0.045806
2.058000	0.045750
2.059000	0.044712
2.060000	0.042898
2.061000	0.040528
2.062000	0.037889
2.063000	0.035297
2.064000	0.033029
2.065000	0.031267
2.066000	0.029876
2.067000	0.028333
2.068000	0.026068
2.069000	0.022806
2.070000	0.018472
2.071000	0.013158
2.072000	0.007284
2.073000	0.001552
2.074000	-0.003264
2.075000	-0.006523
2.076000	-0.007885
2.077000	-0.007352
2.078000	-0.005265
2.079000	-0.002220
2.080000	0.001218
2.081000	0.004629
2.082000	0.007616
2.083000	0.009806
2.084000	0.010867
2.085000	0.010585
2.086000	0.009038
2.087000	0.006671
2.088000	0.004035
2.089000	0.001484
2.090000	-0.000720
2.091000	-0.002281
2.092000	-0.003100
2.093000	-0.003358
2.094000	-0.003374
2.095000	-0.003469
2.096000	-0.003919
2.097000	-0.004265
